# ASCII file generated by KVIDZAGrid::WriteToAsciiFile
# ID Graph Name : CSI_1001
# This file can be read using KVIDZAGrid::ReadFromAsciiFile
# 
++KVIDZAGrid
<PARAMETER> IDTelescopes=CSI_1001
<VARX> TotLight
<VARY> R/TotLight
<PARAMETER> Runlist=1000-8000
+KVIDZALine
ID:Z=1 A=1
1	1
14
717.013   0.410724
964.454   0.395646
1110.94   0.386721
1656.67   0.368446
2794.63   0.35208
5154.46   0.33626
7329.59   0.330228
10427.3   0.324115
13061   0.320802
15570.3   0.318652
18333.7   0.318714
22907.5   0.318652
29133.1   0.318898
33262.3   0.318775
+KVIDZALine
ID:Z=1 A=2
1	2
14
733.812   0.430257
1030.35   0.414162
1435.69   0.398985
2483.87   0.37884
3627.35   0.366004
5279.03   0.354827
8264.76   0.342292
11695.2   0.334375
15093.8   0.329329
18810.1   0.325163
22526.4   0.322092
31038.9   0.321416
44982.9   0.320765
54353   0.32074
+KVIDZALine
ID:Z=1 A=3
1	3
13
766.761   0.441702
1442.21   0.416308
2492.74   0.395072
3960.1   0.377547
6009.58   0.362957
8905.64   0.351398
11496.2   0.344236
13820.1   0.340079
17727.9   0.33429
22059.6   0.329714
27634.4   0.325077
34324.8   0.32344
53686   0.322808
+KVIDZALine
ID:Z=2 A=3
2	3
20
64993.6   0.341575
62071.4   0.342599
57688.1   0.344648
51081.4   0.348306
47365.1   0.350793
41584.2   0.353866
36978.6   0.357377
32627.1   0.360889
28529.6   0.364986
24622.8   0.36996
21065.3   0.375374
17825.4   0.38108
13950.4   0.389274
11250.5   0.396297
9122.36   0.403466
6613.08   0.413855
4326.13   0.426438
2801.5   0.436826
1753.32   0.450312
1118.06   0.461396
+KVIDZALine
ID:Z=2 A=4
2	4
20
1213.35   0.469893
2293.3   0.452189
3849.69   0.437997
6009.58   0.425414
7756.55   0.41722
10329.4   0.40888
12584.5   0.40215
14744.4   0.396736
17698.4   0.390737
21510   0.384007
25035.7   0.378739
29006.1   0.373911
33262.3   0.369229
37518.6   0.364986
41457.2   0.362498
45649.9   0.359572
52002.5   0.355768
57561.1   0.353134
62262   0.349915
65088.9   0.348598
+KVIDZALine
ID:Z=2 A=6
2	6
15
7026   0.432277
10138.8   0.421463
13378.6   0.413708
16427.9   0.406978
19381.8   0.401564
23574.6   0.394249
27576.7   0.389274
33802.3   0.382397
39742   0.376252
43966.5   0.373326
48794.5   0.369668
52923.7   0.36718
58386.9   0.363815
62674.9   0.360596
64834.8   0.359426
+KVIDZALine
ID:Z=2 A=8
2	8
15
64358.4   0.369156
61086.8   0.370471
55845.9   0.373289
49398   0.37761
45141.7   0.381179
41330.1   0.384561
36851.5   0.388318
33421.1   0.392075
29800.1   0.395645
25416.8   0.401468
21319.4   0.406916
17349   0.413679
14140.9   0.419315
10837.6   0.427957
7851.84   0.438101
+KVIDZALine
ID:Z=3 A=6
3	6
15
3563.82   0.460598
6200.16   0.450627
9376.47   0.441155
13346.9   0.432014
17094.9   0.425699
21700.5   0.419218
25512.1   0.415396
30753   0.410244
35993.9   0.405092
40790.2   0.401436
46475.8   0.397282
50986.1   0.394623
56512.9   0.391133
60769.2   0.389637
64517.2   0.388308
+KVIDZALine
ID:Z=3 A=7
3	7
14
4199.08   0.462759
6835.42   0.453785
10011.7   0.445143
14426.8   0.434673
18301.9   0.429189
22208.8   0.423871
26369.7   0.418553
31420.1   0.413402
35708.1   0.409247
41552.5   0.405591
48000.4   0.401436
56544.7   0.396783
62802   0.394623
64707.8   0.394124
+KVIDZALine
ID:Z=4 A=7
4	7
8
13462.8   0.442871
18740.7   0.434627
23533.1   0.429916
26995.5   0.426971
31851.2   0.422555
37086.9   0.419316
41457.1   0.417549
42977.2   0.416666
+KVIDZALine
ID:Z=4 A=9
4	9
9
8691.48   0.461421
13251.6   0.451115
17305.1   0.445227
21464.2   0.441399
26594.3   0.437866
30204.5   0.436099
36031.4   0.433743
39810.4   0.430505
42744.9   0.431094
+KVIDCutLine
OK:gamma_line
above
15
144.99   0.519282
272.009   0.475641
400.49   0.43609
546.22   0.400086
864.493   0.370901
1235.51   0.351262
2165.46   0.33626
3108   0.329714
5708.12   0.323168
8919.67   0.319622
13244.9   0.314985
16105.6   0.313621
27870.3   0.31553
44633.5   0.316443
63786.7   0.318014
!
# ASCII file generated by KVIDZAGrid::WriteToAsciiFile
# ID Graph Name : CSI_1002
# This file can be read using KVIDZAGrid::ReadFromAsciiFile
# 
++KVIDZAGrid
<PARAMETER> IDTelescopes=CSI_1002
<VARX> TotLight
<VARY> R/TotLight
<PARAMETER> Runlist=1000-8000
+KVIDZALine
ID:Z=1 A=1
1	1
13
764.224   0.416284
1179.06   0.392288
1685.08   0.373853
2278.79   0.361416
3270.66   0.349418
4441.86   0.340346
6623.87   0.332153
9835.86   0.32513
14177.2   0.320009
20175.6   0.317814
27053.2   0.317521
34034.2   0.317521
40342.7   0.317668
+KVIDZALine
ID:Z=1 A=2
1	2
18
1328.1   0.410431
1874.03   0.394629
2588.76   0.381607
3637.4   0.369024
4694.25   0.359806
6457.05   0.350442
8404.3   0.342541
10528.2   0.337713
12911.4   0.333031
16312.3   0.328641
20521.7   0.324837
24325.5   0.323228
28957.3   0.321911
34324.8   0.320594
40514.6   0.31957
46221.6   0.319277
51928.6   0.318984
61707.5   0.319376
+KVIDZALine
ID:Z=1 A=3
1	3
15
1735.98   0.414382
2724.25   0.394922
3731.38   0.38307
4877.33   0.372828
6267.73   0.364488
8088.82   0.355856
10219.5   0.348686
13414.9   0.342249
17460.4   0.335664
21872.9   0.330397
28228   0.326739
35211.6   0.323813
43736.5   0.322057
52732.5   0.321472
61728.5   0.320887
+KVIDZALine
ID:Z=2 A=3
2	3
14
1911.73   0.454135
2783.94   0.445031
3744.45   0.437293
5208.52   0.427733
6753.33   0.419995
8783.12   0.409753
10944.6   0.402014
13763.6   0.393138
16890.7   0.386082
20414   0.379482
26067.3   0.371288
32383.2   0.364005
46291.4   0.352853
64662.2   0.343976
+KVIDZALine
ID:Z=2 A=4
2	4
17
1517.77   0.468246
2297.68   0.458687
3159.14   0.450038
4154.83   0.442072
5384.02   0.434334
6624.43   0.427961
8842.29   0.419312
11586.2   0.410208
15475   0.399599
20175.9   0.390147
23669.9   0.384767
28180.2   0.378369
34415   0.371516
40635.4   0.366053
47807.3   0.360819
55138.6   0.356267
65279.4   0.351259
+KVIDZALine
ID:Z=2 A=6
2	6
13
5215.5   0.451511
8074.18   0.436243
10805.8   0.426064
13728   0.417194
16872.6   0.41065
20842.9   0.40367
27322.6   0.3948
33262.3   0.386657
39900.8   0.379823
48318   0.373134
54924.7   0.369208
59848   0.366154
64676   0.363537
+KVIDZALine
ID:Z=2 A=8
2	8
12
7216.58   0.446858
10647   0.434498
14172.7   0.425773
18397.2   0.417048
22971.1   0.409923
29164.9   0.401635
35041   0.394219
42219.5   0.38782
49112.1   0.38244
57688.1   0.376478
62802   0.373715
65025.4   0.372988
+KVIDZALine
ID:Z=3 A=6
3	6
13
5755.47   0.459363
10234.1   0.444967
14458.6   0.434498
19318.3   0.427372
24368.6   0.42112
30181.3   0.415158
36565.7   0.40876
43331.2   0.40338
49270.9   0.40018
54353   0.396691
58323.4   0.394509
62007.9   0.393055
64866.6   0.391601
+KVIDZALine
ID:Z=3 A=7
3	7
14
7153.05   0.458636
10583.5   0.448893
15633.8   0.438424
20303   0.431299
24209.8   0.426064
28434.3   0.420829
32055.3   0.417775
36470.4   0.413995
42727.7   0.409341
48762.7   0.404979
54575.4   0.400908
58323.4   0.398726
62674.9   0.396691
64676   0.395964
+KVIDZALine
ID:Z=4 A=7
4	7
11
10678.8   0.459363
14585.6   0.448893
19699.5   0.440896
23447.5   0.436533
29260.2   0.430281
35263.4   0.425191
39996.1   0.422574
45141.7   0.419229
52351.9   0.41603
57688.1   0.413849
64866.6   0.41065
+KVIDZALine
ID:Z=4 A=9
4	9
9
11631.6   0.459654
15983.2   0.453547
22399.3   0.446858
30689.5   0.44075
39392.6   0.435952
46984   0.43188
54543.6   0.428681
59816.3   0.426209
64803.1   0.425046
+KVIDCutLine
OK:gamma_line
above
16
142.92   0.503084
241.691   0.493178
392.9   0.456443
496.405   0.428789
676.648   0.398658
968.258   0.368114
1485.78   0.345
2126.1   0.333855
3595.43   0.327664
4783.52   0.324856
6875.83   0.321158
9854.19   0.316107
16463.1   0.312805
24432.5   0.312805
38413.3   0.315282
63981.6   0.317758
!
# ASCII file generated by KVIDZAGrid::WriteToAsciiFile
# ID Graph Name : CSI_1003
# This file can be read using KVIDZAGrid::ReadFromAsciiFile
# 
++KVIDZAGrid
<PARAMETER> IDTelescopes=CSI_1003
<VARX> TotLight
<VARY> R/TotLight
<PARAMETER> Runlist=1000-8000
+KVIDZALine
ID:Z=1 A=1
1	1
16
805.849   0.41429
1021.31   0.397738
1358.21   0.382906
1881.32   0.369364
2596.27   0.358401
3844.04   0.347009
5424.03   0.338625
7625.16   0.331747
9954.46   0.328092
13686.6   0.324438
19383.8   0.322074
25969.5   0.320784
35442.7   0.319709
35442.7   0.319709
38166.8   0.319709
55462.5   0.319725
+KVIDZALine
ID:Z=1 A=2
1	2
19
1032.72   0.417944
1363.25   0.406552
1760.03   0.396449
2446.94   0.383981
3170.86   0.374308
4232.46   0.365065
5344.3   0.357542
7738.92   0.347224
10406.7   0.3397
14202.9   0.334326
18336.7   0.330027
21821.9   0.327663
27449.7   0.325199
33404.2   0.323578
38308.3   0.322934
41933.6   0.322322
46507.5   0.321665
51072.1   0.321317
55591.1   0.321206
+KVIDZALine
ID:Z=1 A=3
1	3
16
1446.45   0.417944
1959.52   0.406337
2734.39   0.394514
3478.36   0.385916
4608.66   0.374953
5928.05   0.367859
7942.11   0.358831
10028.4   0.351308
13839.5   0.343139
17410.5   0.337766
24566.6   0.332177
30677.4   0.328952
30677.4   0.328952
39989.7   0.325844
47301.6   0.324459
55528.2   0.323948
+KVIDZALine
ID:Z=2 A=3
2	3
28
1626.27   0.452911
2674.45   0.441552
4008.5   0.433152
5660.18   0.422977
6867.18   0.416824
8423.57   0.409962
10329.4   0.402626
12552.8   0.396119
14649.1   0.391268
16237.3   0.387718
17984.3   0.384287
19985.3   0.380974
22018.2   0.378016
24241.6   0.374467
26782.6   0.371746
29768.4   0.368196
32531.8   0.365002
35644.5   0.362162
38852.6   0.359796
41870.1   0.357784
45014.7   0.355418
47587.5   0.353998
51240.2   0.351632
55051.8   0.349857
58641   0.348437
61023.3   0.347727
63564.3   0.347136
64961.9   0.346899
+KVIDZALine
ID:Z=2 A=4
2	4
19
1022.77   0.473537
1658.03   0.461613
2547.4   0.450663
3563.82   0.441837
5406.08   0.432095
7311.86   0.422934
9694.1   0.4145
12298.7   0.406648
15919.7   0.398505
19445.4   0.391816
22907.5   0.385708
26846.2   0.380474
30689.5   0.376111
34914   0.371749
39869   0.367387
46253.4   0.362914
52193.1   0.359483
58418.7   0.356407
65120.7   0.354154
+KVIDZALine
ID:Z=2 A=6
2	6
14
5310.79   0.446157
7438.92   0.436458
9979.96   0.427007
12965.7   0.418623
15887.9   0.411144
18238.4   0.406213
21700.5   0.401364
26560.3   0.395035
32817.6   0.387966
37931.5   0.382378
42759.5   0.378268
52193.1   0.371035
58958.7   0.367254
64834.8   0.364871
+KVIDZALine
ID:Z=2 A=8
2	8
14
5406.08   0.449197
8074.18   0.439335
11314   0.431034
15411.5   0.4215
18714.8   0.415171
23002.8   0.408678
27036.7   0.403336
31388.3   0.398733
36533.9   0.393391
41298.4   0.388542
46412.2   0.384021
54130.7   0.379254
61944.4   0.374405
64866.6   0.373501
+KVIDZALine
ID:Z=3 A=6
3	6
18
2229.77   0.474318
4072.03   0.461673
6200.16   0.453296
8995.31   0.444919
11981   0.438439
15602   0.431169
18460.7   0.427217
23288.7   0.421843
27862.6   0.416627
31896.5   0.412834
36057.5   0.408725
40885.5   0.40588
46539.3   0.40177
50763.8   0.399873
55178.9   0.39687
59085.7   0.395132
62643.2   0.393235
64739.5   0.392129
+KVIDZALine
ID:Z=3 A=7
3	7
18
3309.71   0.471947
4802.58   0.464044
7565.97   0.453138
10615.2   0.445077
13855.1   0.438597
17126.7   0.433223
20017.1   0.42943
23574.6   0.424846
28434.3   0.420421
32150.6   0.41726
37073.9   0.413308
41870.1   0.409199
46920.4   0.406354
51748.4   0.403509
56290.6   0.401296
60197.4   0.399241
64136   0.397503
65057.2   0.39687
+KVIDZALine
ID:Z=4 A=7
4	7
11
7470.68   0.461831
12743.4   0.4465
16809   0.439862
22145.2   0.434962
28148.5   0.429904
33929.3   0.42532
40504.3   0.421843
46984   0.417576
53400.1   0.415679
59403.3   0.413624
64676   0.412518
+KVIDZALine
ID:Z=4 A=9
4	9
10
7883.6   0.464202
12838.6   0.453454
18333.7   0.446658
26909.7   0.438755
35295.2   0.432591
41425.4   0.428956
48572.1   0.425479
55718.8   0.423424
61309.1   0.421527
64961.9   0.420421
+KVIDCutLine
OK:gamma_line
above
19
151.176   0.505217
210.957   0.498983
327.744   0.474048
464.17   0.436216
610.466   0.408271
753.896   0.385486
1032.72   0.366355
1451.81   0.350018
2375.53   0.334541
3690.63   0.330457
5304.87   0.326588
7485.3   0.323148
9521.88   0.321214
11846.5   0.318849
15351.2   0.318634
22312.1   0.31756
31250.6   0.316915
52895.2   0.318634
65104.8   0.318849
!
# ASCII file generated by KVIDZAGrid::WriteToAsciiFile
# ID Graph Name : CSI_1004
# This file can be read using KVIDZAGrid::ReadFromAsciiFile
# 
++KVIDZAGrid
<PARAMETER> IDTelescopes=CSI_1004
<PARAMETER> Runlist=1000-8000
<VARX> TotLight
<VARY> R/TotLight
+KVIDZALine
ID:Z=1 A=1
1	1
15
695.275   0.407131
1000.19   0.387839
1370.16   0.369994
1826.08   0.359624
2708.42   0.348049
3522.46   0.339609
4810.72   0.331169
6450.77   0.323693
8918.34   0.319835
11813.5   0.315976
15131.2   0.315253
19499.4   0.315012
23494.9   0.315012
27206.7   0.315494
31697.9   0.315253
+KVIDZALine
ID:Z=4 A=9
4	9
10
11187   0.462031
15633.8   0.456748
21446.4   0.450231
27290.9   0.444948
35803.4   0.439488
42251.3   0.435261
49620.3   0.432091
55178.9   0.430858
61531.5   0.430154
64644.3   0.430154
+KVIDZALine
ID:Z=1 A=2
1	2
15
901.488   0.416535
1242.53   0.404237
1717.82   0.39025
2516.89   0.375299
3533.24   0.361553
4651.7   0.352631
5867.75   0.344914
7916.39   0.336474
11249.8   0.327793
13848   0.324417
17308.7   0.320558
21634.3   0.31887
28262.4   0.317664
34625.9   0.316941
42649.5   0.316676
+KVIDZALine
ID:Z=1 A=3
1	3
15
1231.19   0.419188
1717.82   0.405443
2317.57   0.394591
2995.78   0.383739
3884.3   0.373611
5113.9   0.364688
6256.63   0.357213
7844.15   0.348531
9655.81   0.342744
13513.6   0.334062
17203.2   0.328516
21568.3   0.324417
27912.1   0.321041
36461.6   0.318939
46705.6   0.319101
+KVIDZALine
ID:Z=2 A=3
2	3
13
1529.49   0.462522
2501.56   0.447002
4349.26   0.430188
6031.36   0.41871
8623.55   0.405615
11457.9   0.394136
16583.8   0.380556
22169.7   0.369886
31122   0.357922
40358.2   0.349516
49935.7   0.343695
56342.9   0.339492
65568.3   0.336582
+KVIDZALine
ID:Z=2 A=4
2	4
16
1154.66   0.480467
1882.74   0.465756
2524.6   0.456055
3920.08   0.442314
5176.79   0.43326
7447.07   0.42162
9336.64   0.413536
12068.9   0.403351
16183.3   0.392843
21241.3   0.382334
26307.4   0.373604
32581.7   0.366329
40229.4   0.358569
49006.8   0.352426
59147.8   0.34709
65761.7   0.343372
+KVIDZALine
ID:Z=2 A=6
2	6
11
4401   0.455732
5936.34   0.445224
7851.94   0.435847
9705.94   0.426793
11764.9   0.420165
15561.3   0.409171
20693.1   0.399148
25900.1   0.389448
34687.6   0.377969
48572.2   0.364874
60686.3   0.355982
+KVIDZALine
ID:Z=2 A=8
2	8
13
4717.61   0.457672
5657.59   0.452175
6943.8   0.446355
8614   0.439242
10534.7   0.432775
13115.3   0.4255
17690.8   0.415153
21596.9   0.407231
26225   0.399795
32824.1   0.392035
41599   0.382173
49798.8   0.373766
61777   0.365359
+KVIDZALine
ID:Z=3 A=6
3	6
16
62552.1   0.385406
55120.7   0.390903
47207.4   0.396723
36853.4   0.405291
29339.6   0.413536
23482.9   0.420327
19862.4   0.426147
15286.6   0.434877
11891.3   0.44199
9022.34   0.449427
7604.17   0.454115
6053.81   0.460097
5003.24   0.464462
4512.13   0.467049
3871.24   0.469959
3286.08   0.473839
+KVIDZALine
ID:Z=3 A=7
3	7
13
63111.7   0.391388
55911.9   0.394945
42046   0.405615
28770.3   0.41871
20546.2   0.429703
15395.9   0.438595
11073.5   0.448942
9038.42   0.454439
6547.38   0.462846
5075.05   0.468989
4424.58   0.472707
3823.27   0.476102
3405.26   0.478204
+KVIDZALine
ID:Z=4 A=7
4	7
13
10424.6   0.455691
13823.3   0.449527
17094.9   0.443539
20906.5   0.437903
26306.2   0.431915
30753   0.428216
34469.3   0.42487
39900.8   0.420115
46031.1   0.415712
51684.9   0.413246
57370.5   0.410781
62230.3   0.407963
64644.3   0.40673
+KVIDCutLine
OK:gamma_line
above
22
140.739   0.509137
202.858   0.498285
262.914   0.476099
352.537   0.447161
474.724   0.415812
615.265   0.387598
917.506   0.359624
1235.51   0.346602
1773.28   0.333098
2439.18   0.326828
3309.71   0.324995
4199.08   0.322354
5024.65   0.321282
5732.44   0.318147
7211.68   0.313806
8695.03   0.311395
12321.5   0.309224
18849   0.308983
25167   0.309706
33036.3   0.310912
44866.4   0.311395
65568.3   0.316217
!
# ASCII file generated by KVIDZAGrid::WriteToAsciiFile
# ID Graph Name : CSI_1005
# This file can be read using KVIDZAGrid::ReadFromAsciiFile
# 
++KVIDZAGrid
<PARAMETER> IDTelescopes=CSI_1005
<VARX> TotLight
<VARY> R/TotLight
<PARAMETER> Runlist=1000-8000
+KVIDZALine
ID:Z=1 A=1
1	1
17
827.007   0.413818
1107.98   0.393157
1610.39   0.375292
2149.55   0.361777
2955.47   0.348417
3901.39   0.340805
5304.87   0.33195
7186.58   0.325426
10368.2   0.318746
12995.3   0.315794
16715.7   0.313309
21741.2   0.312221
26454.7   0.311289
30003.5   0.311289
34727.1   0.311444
39692.5   0.311289
43837.6   0.310978
+KVIDZALine
ID:Z=1 A=2
1	2
20
1154.04   0.420032
1473.47   0.404963
2003.54   0.390361
2714.22   0.378554
3278.29   0.370632
4093.75   0.362864
5112.06   0.354009
6502.93   0.346087
8584.24   0.338319
10640.4   0.331795
12851.8   0.327445
16288   0.32294
21028.7   0.319056
24165.9   0.317503
28247.2   0.316571
32727.5   0.315173
38424.1   0.314551
44322.3   0.314241
47707.9   0.313619
53671.1   0.313619
+KVIDZALine
ID:Z=1 A=3
1	3
19
1601.23   0.419566
2127.52   0.406051
2905.62   0.391448
3778.93   0.382127
4752.28   0.372806
5867.75   0.363641
7267.22   0.35665
9111.16   0.34966
11849.6   0.34096
14061.2   0.335834
17575.2   0.330086
21047.4   0.326513
25593.7   0.323251
30650.1   0.320765
36202.7   0.31828
42196.1   0.317037
46209   0.317037
52252.4   0.316105
56311.7   0.316105
+KVIDZALine
ID:Z=2 A=3
2	3
16
63486.5   0.340414
47174   0.349579
35360.5   0.359056
26122.3   0.370396
20425   0.379406
16562.2   0.387329
13488.7   0.395717
11849.5   0.401155
10546.8   0.406126
9292.14   0.411252
7633.28   0.41902
6100.58   0.429272
5266.13   0.434865
3002.44   0.452885
2324.44   0.45941
1760.35   0.466866
+KVIDZALine
ID:Z=2 A=4
2	4
16
1611.95   0.477119
2350.17   0.468109
3137.6   0.459254
4108.94   0.452108
5515.94   0.441855
7183.92   0.431603
9330.57   0.42166
12085.4   0.411408
14938   0.403951
18312.2   0.395096
22803.7   0.386397
30283.2   0.375056
39242   0.365114
46732   0.359027
54331.4   0.353699
63486.5   0.349269
+KVIDZALine
ID:Z=2 A=6
2	6
15
5183.74   0.466951
7248.34   0.44935
9630.57   0.435416
13061   0.423499
17349   0.413231
21859.4   0.403881
28497.8   0.393613
34628.1   0.386279
41298.4   0.379129
46158.1   0.374545
49969.7   0.371062
54956.5   0.368128
59276.3   0.366478
62198.5   0.364645
65057.2   0.364095
+KVIDZALine
ID:Z=2 A=8
2	8
15
6708.37   0.462001
8582.39   0.451184
11028.1   0.440733
14109.2   0.431199
17444.3   0.423499
21065.3   0.416165
24718   0.410114
28370.8   0.404064
33071.7   0.398747
37486.8   0.39398
43235.9   0.387563
49842.7   0.381146
54893   0.378029
60928   0.374729
65088.9   0.373262
+KVIDZALine
ID:Z=3 A=6
3	6
16
5279.03   0.471902
6835.42   0.465485
9217.65   0.456501
11536.4   0.450084
14903.2   0.441466
17476.1   0.437433
20239.4   0.433399
23733.4   0.426615
27830.8   0.422032
32118.8   0.417265
37296.2   0.412314
42441.8   0.406997
48413.3   0.401864
54607.1   0.398197
61150.3   0.39453
64930.1   0.39233
+KVIDZALine
ID:Z=3 A=7
3	7
17
5501.37   0.474652
7947.13   0.466035
10361.1   0.458518
13632.7   0.449717
16554.9   0.4444
19508.9   0.439083
21954.7   0.434683
25512.1   0.430649
28593.1   0.426249
32372.9   0.421665
36629.2   0.417448
41234.9   0.413598
46952.2   0.409381
52574.3   0.405347
58355.2   0.401314
62738.5   0.39893
65025.4   0.398014
+KVIDZALine
ID:Z=4 A=7
4	7
12
12362.2   0.460901
16142   0.453384
19604.2   0.44825
23384   0.442383
27735.5   0.437983
32976.4   0.433216
38789.1   0.428816
45554.6   0.423865
51208.5   0.420565
55718.8   0.417998
60928   0.416165
64739.5   0.414881
+KVIDZALine
ID:Z=4 A=9
4	9
12
10202.3   0.474285
15475   0.462001
19127.7   0.455951
22653.4   0.450634
27640.2   0.4444
33421.1   0.440366
38312.6   0.436699
43712.4   0.432666
49969.7   0.428266
55718.8   0.425699
59911.6   0.424782
64803.1   0.423865
+KVIDCutLine
OK:gamma_line
above
19
151.932   0.511645
261.799   0.480109
416.11   0.437855
599.77   0.406164
933.241   0.372764
1495.98   0.349307
2428.84   0.331018
3637.4   0.325115
5310.15   0.320144
6708.89   0.317658
8123.28   0.313309
9877.76   0.309736
12011.2   0.307871
17835.5   0.306163
25167   0.306473
37261.3   0.30725
47721   0.308803
60023.1   0.310046
66052.3   0.309891
!
# ASCII file generated by KVIDZAGrid::WriteToAsciiFile
# ID Graph Name : CSI_1006
# This file can be read using KVIDZAGrid::ReadFromAsciiFile
# 
++KVIDZAGrid
<PARAMETER> IDTelescopes=CSI_1006
<VARX> TotLight
<VARY> R/TotLight
<PARAMETER> Runlist=1000-8000
+KVIDZALine
ID:Z=1 A=1
1	1
14
1075.65   0.402516
1489.93   0.388406
2063.77   0.374824
2539.23   0.366649
3465.5   0.358078
4853.84   0.34977
6431.1   0.343441
8974.22   0.337639
11934.5   0.333023
16409.1   0.329199
21342.5   0.326562
28112.7   0.325243
35042.1   0.324189
41450.8   0.323925
+KVIDZALine
ID:Z=1 A=2
1	2
12
1646.56   0.404889
2520.5   0.387879
3596.21   0.376671
5131.02   0.366649
6899.79   0.358473
9917.67   0.350034
14848.1   0.341331
20264.4   0.335924
28062   0.331177
34727.1   0.329199
43208.8   0.327221
56960.4   0.325903
+KVIDZALine
ID:Z=1 A=3
1	3
12
2071.42   0.409241
2901.26   0.397637
4359.69   0.383923
7002.73   0.369682
10028.4   0.359792
14202.9   0.351353
20415   0.343704
27351.1   0.337639
34601.9   0.334342
41826.8   0.331309
51018.7   0.329199
64636.2   0.328145
+KVIDZALine
ID:Z=2 A=3
2	3
12
1594.51   0.436586
3354.38   0.425296
4990.4   0.418307
6712.18   0.412901
9028.02   0.40578
11995.3   0.398396
15792.5   0.391143
20414   0.384022
26147.1   0.377693
33388   0.370968
51604.9   0.359891
64705.3   0.354485
+KVIDZALine
ID:Z=2 A=4
2	4
13
1611.05   0.442438
2289.42   0.438482
3233.61   0.432812
4651.7   0.425955
7070.08   0.418439
10201.8   0.409736
14409.2   0.401033
18970.4   0.394176
24076.4   0.388242
29098.6   0.38244
37499.1   0.376242
50423.6   0.367539
64800.6   0.360946
+KVIDZALine
ID:Z=2 A=6
2	6
11
5310.79   0.441906
8836.49   0.427663
12775.1   0.416509
16809   0.407928
21319.4   0.400893
28656.7   0.394715
37264.5   0.386821
44188.8   0.382188
51939   0.377898
59053.9   0.373779
64930.1   0.37069
+KVIDZALine
ID:Z=2 A=8
2	8
10
11441.1   0.426462
16904.3   0.415307
21097   0.408786
27354.4   0.402266
32785.9   0.397632
38725.6   0.393342
44315.9   0.389738
51176.7   0.385448
58450.4   0.381673
64834.8   0.378756
+KVIDZALine
ID:Z=3 A=6
3	6
9
12902.2   0.426118
20144.2   0.419083
26083.9   0.412733
32912.9   0.407414
40027.9   0.403467
48127.4   0.399348
55972.9   0.396603
63342   0.394029
65438.3   0.393171
+KVIDZALine
ID:Z=3 A=7
3	7
9
13759.8   0.429379
20557.1   0.422
27354.4   0.415136
33103.5   0.411189
40536.1   0.406727
48159.2   0.403467
56068.2   0.400893
63913.7   0.398147
65501.9   0.397632
+KVIDZALine
ID:Z=4 A=7
4	7
8
21128.8   0.424917
29673.1   0.419941
35549.3   0.41668
42060.7   0.413935
48032.2   0.410674
54575.4   0.408615
60832.7   0.406212
65152.5   0.405183
+KVIDZALine
ID:Z=4 A=9
4	9
7
17317.2   0.436243
23638.1   0.429551
32563.5   0.424059
41107.8   0.419426
50700.3   0.417367
59625.7   0.417195
65088.9   0.41771
+KVIDCutLine
OK:gamma_line
above
18
144.99   0.501084
208.099   0.492262
342.2   0.48034
567.523   0.446481
690.098   0.423114
849.917   0.397601
941.209   0.382818
1164.12   0.36875
1397.61   0.360405
2357.63   0.345145
4674.33   0.333461
7492.95   0.328931
10800.1   0.326069
14855.9   0.32297
20643.5   0.321539
25362.8   0.321301
33194.1   0.320347
64870.1   0.321626
!
# ASCII file generated by KVIDZAGrid::WriteToAsciiFile
# ID Graph Name : CSI_1007
# This file can be read using KVIDZAGrid::ReadFromAsciiFile
# 
++KVIDZAGrid
<PARAMETER> IDTelescopes=CSI_1007
<PARAMETER> Runlist=1000-8000
<VARX> TotLight
<VARY> R/TotLight
+KVIDZALine
ID:Z=1 A=1
1	1
14
871.003   0.415949
1162.61   0.398725
1696.06   0.380175
2375.53   0.367367
3636.38   0.352792
5884.32   0.341015
8712.31   0.332182
11715.6   0.32806
16427.9   0.32372
20779.4   0.321665
25118.4   0.320846
31451.8   0.319904
38593   0.319816
64421.9   0.319258
+KVIDZALine
ID:Z=1 A=2
1	2
13
1363.25   0.416243
1966.79   0.399313
2848.05   0.384444
3974.28   0.373109
5424.03   0.363245
7348.01   0.353529
10368.2   0.344401
14255.5   0.336893
20048.9   0.330295
29344.3   0.32541
40346.3   0.322613
49825.8   0.321288
64707.8   0.320315
+KVIDZALine
ID:Z=1 A=3
1	3
14
1528.12   0.42446
2625.27   0.401816
3690.63   0.389303
5384.02   0.375611
7825.36   0.363687
10839.3   0.354117
14361.5   0.346904
18748.6   0.339984
25211.6   0.333654
31160.9   0.330268
39487.9   0.326538
47269.8   0.32507
56163.5   0.323133
64580.7   0.32237
+KVIDZALine
ID:Z=2 A=3
2	3
11
1299.19   0.4583
2079.1   0.450487
3044.32   0.44153
4383.65   0.432141
6569.37   0.422184
11474   0.404876
16945.5   0.391068
22423.7   0.382394
28521.9   0.374387
42670   0.360974
65104.8   0.348498
+KVIDZALine
ID:Z=2 A=4
2	4
15
1170.9   0.469653
1753.53   0.462867
2263.9   0.457746
2879.86   0.45291
4408.39   0.442383
5819.32   0.434702
7281.66   0.429143
9325.72   0.421329
12316   0.411991
17046.9   0.401129
23018.4   0.390714
29094.1   0.383025
40343   0.371971
49389.8   0.365223
66052.3   0.356345
+KVIDZALine
ID:Z=2 A=6
2	6
9
64753.1   0.369685
51481.5   0.376545
37735.3   0.387598
25454.6   0.401701
18691.6   0.412563
14026.2   0.421901
10506.2   0.430667
8551.35   0.437718
7268.52   0.443436
+KVIDZALine
ID:Z=2 A=8
2	8
12
64870.1   0.377689
53471.5   0.384359
41600.8   0.393315
32190.5   0.402463
25180.2   0.410086
21095.8   0.416374
18159.2   0.42152
15186.2   0.427046
12117.4   0.432954
10374.3   0.4381
9325.72   0.441149
7495.13   0.446866
+KVIDZALine
ID:Z=3 A=6
3	6
13
5691.95   0.462385
8391.81   0.450151
12362.2   0.441607
16237.3   0.433451
20080.6   0.428208
25003.9   0.422577
30086   0.417722
34977.5   0.413645
41361.9   0.40879
47778   0.4051
53813   0.400634
59879.8   0.397527
65088.9   0.39578
+KVIDZALine
ID:Z=3 A=7
3	7
15
6200.16   0.46355
8550.63   0.454423
10996.4   0.448792
14458.6   0.441607
17126.7   0.437917
21255.9   0.431898
25607.4   0.426461
29990.7   0.421218
33548.2   0.418693
37995   0.415975
44728.8   0.410538
50001.5   0.407625
54956.5   0.404906
62262   0.401217
65057.2   0.400634
+KVIDCutLine
OK:gamma_line
above
22
153.229   0.497318
241.484   0.486026
499.57   0.452746
652.994   0.41382
853.538   0.388562
1101.53   0.368653
1656.67   0.347259
2269.13   0.338939
3560.9   0.331807
5447.34   0.328242
6557.52   0.326756
7294.82   0.32527
8383.15   0.322299
9376.38   0.321407
10582.4   0.31903
12117.4   0.318436
14914.4   0.318139
17451.9   0.317247
21832.2   0.31695
29358   0.317247
39478.1   0.317247
63939.6   0.318436
!
# ASCII file generated by KVIDZAGrid::WriteToAsciiFile
# ID Graph Name : CSI_1008
# This file can be read using KVIDZAGrid::ReadFromAsciiFile
# 
++KVIDZAGrid
<PARAMETER> IDTelescopes=CSI_1008
<PARAMETER> Runlist=1000-8000
<VARX> TotLight
<VARY> R/TotLight
+KVIDZALine
ID:Z=1 A=1
1	1
17
955.47   0.413972
1338.25   0.392296
1874.37   0.377032
2775.19   0.363755
4124.18   0.353007
5906.14   0.344156
8489.42   0.337111
11677.6   0.331783
14224.3   0.329344
17249.9   0.326905
20104   0.325822
23847.8   0.324286
28878   0.322841
34104.8   0.322118
40041.1   0.321486
45848.8   0.321035
64325.4   0.320402
+KVIDZALine
ID:Z=1 A=2
1	2
17
1234.95   0.417133
1712.58   0.403856
2602.93   0.38778
3458.46   0.378025
4959.99   0.367819
6774   0.358697
9167.02   0.350569
11922.3   0.344608
15553.1   0.338647
19377.5   0.334673
24851.4   0.331331
32249.2   0.327899
38594.2   0.326002
46528.8   0.324467
53120.8   0.323473
58197.6   0.322931
64800.6   0.322299
+KVIDZALine
ID:Z=1 A=3
1	3
15
1650.92   0.416139
2082.5   0.408553
2959.38   0.397534
4309.58   0.384438
5708.57   0.375496
7515.65   0.366916
10108.7   0.358878
12987.3   0.351562
18010.1   0.344246
23138.7   0.338918
33212.9   0.332866
42783.6   0.329525
49642.5   0.327357
57094.4   0.325912
64800.6   0.325189
+KVIDZALine
ID:Z=2 A=3
2	3
11
64327.9   0.351821
50945   0.358139
29453.2   0.3734
16902.4   0.39009
10406.7   0.404754
7738.92   0.412861
5733.77   0.420253
3569.68   0.430148
2133.69   0.438851
1495.45   0.443501
1059.84   0.447077
+KVIDZALine
ID:Z=2 A=4
2	4
14
1294.39   0.45444
2033.43   0.447776
2912.02   0.440682
4441.15   0.432084
6748.2   0.422411
10281   0.412384
14468.2   0.402635
18827.1   0.395455
23723.4   0.38854
29893.1   0.381864
37328.6   0.375069
43522   0.370777
52799.7   0.364816
65576.8   0.358736
+KVIDZALine
ID:Z=2 A=6
2	6
11
65222.5   0.37103
52042.4   0.377262
38146.4   0.387066
28936.9   0.394711
21950.8   0.402771
16802.4   0.409335
13334.5   0.416647
11151.4   0.421633
8865.87   0.427948
6885.19   0.433598
6100.52   0.436673
+KVIDZALine
ID:Z=2 A=8
2	8
11
65933.1   0.377511
52136.5   0.384657
37599.3   0.394296
26968.9   0.404184
19767.9   0.412991
12954.7   0.423627
10736.4   0.427283
8558.51   0.432544
7751.56   0.434536
7153.55   0.436306
6591.57   0.438076
+KVIDZALine
ID:Z=3 A=6
3	6
10
65831.6   0.392218
51750.1   0.398699
36533.1   0.40759
26257.1   0.415567
19990.5   0.422048
15278.1   0.42828
12196   0.432767
9962.65   0.436174
7963.05   0.440495
6979.34   0.442655
+KVIDZALine
ID:Z=3 A=7
3	7
10
65327.9   0.395791
56312.6   0.400112
41204.8   0.408255
30188.9   0.415318
23853.3   0.421134
17678.7   0.428197
13322.3   0.434429
10539.9   0.438833
8327.96   0.442572
7234.05   0.44465
+KVIDZALine
ID:Z=4 A=7
4	7
10
15608.9   0.43526
20910.8   0.42853
25623.6   0.424209
31131.7   0.420802
35667.8   0.418642
41499.9   0.41565
46919.6   0.413822
51661.8   0.411662
57994.7   0.410083
65358.4   0.40784
+KVIDZALine
ID:Z=4 A=9
4	9
7
12663.4   0.445979
23885.8   0.434678
34666.3   0.427449
45859.2   0.421051
55373.2   0.417728
61058   0.415816
65417.3   0.415235
+KVIDCutLine
OK:gamma_line
above
21
144.99   0.506455
276.674   0.496838
416.11   0.482412
546.22   0.455965
641.984   0.426458
757.753   0.401104
933.241   0.380996
1246.06   0.365259
1547.74   0.355423
2084.17   0.347118
3147.89   0.338594
6214.67   0.330725
8806.64   0.328102
13975.6   0.322027
18357.1   0.321034
22964.6   0.320311
31500.4   0.319318
50377.8   0.318957
65695.4   0.318686
65695.4   0.318686
65933.1   0.318686
!
# ASCII file generated by KVIDZAGrid::WriteToAsciiFile
# ID Graph Name : CSI_1301
# This file can be read using KVIDZAGrid::ReadFromAsciiFile
# 
++KVIDZAGrid
<PARAMETER> IDTelescopes=CSI_1301
<VARX> TotLight
<VARY> R/TotLight
<PARAMETER> Runlist=1000-8000
+KVIDZALine
ID:Z=1 A=1
1	1
21
1172.41   0.382267
1565.59   0.37225
2191.11   0.358151
2905.99   0.348876
4005.12   0.339107
5479.57   0.329584
7088.05   0.322659
9393.54   0.315981
11868.8   0.311034
13995.6   0.307695
16184.9   0.305345
18637.9   0.30349
21725.3   0.301388
24383.9   0.300027
27421.5   0.298914
33015.5   0.297219
42890.4   0.294945
47220.7   0.294599
54480.1   0.293365
60769.2   0.292727
64871.9   0.292151
+KVIDZALine
ID:Z=1 A=2
1	2
21
1275.53   0.397082
1904.31   0.385358
3176.85   0.368825
4254.76   0.359355
5826.72   0.348834
7638.21   0.339966
10348   0.331098
13012.8   0.324936
16471.1   0.318924
19315.6   0.315617
22205   0.31231
25872.9   0.309605
28298.2   0.308252
33097.4   0.305697
38427   0.303442
43472.3   0.301939
49535.5   0.299985
54386.1   0.298933
58559.4   0.297731
62489.1   0.297129
64925   0.296829
+KVIDZALine
ID:Z=1 A=3
1	3
21
2567.45   0.391571
3511.92   0.379433
4284.67   0.373225
5449.92   0.364811
6872.76   0.357087
8896.63   0.348397
10626.1   0.342879
12858.5   0.337086
15557   0.331292
18132.8   0.327154
21199.3   0.323154
24376.1   0.319568
27983.7   0.316395
31638.9   0.313636
35847.2   0.311016
37932.4   0.309912
42924.3   0.308257
47916.5   0.306188
53558.8   0.304395
61705   0.302692
64977.3   0.302478
+KVIDZALine
ID:Z=2 A=3
2	3
10
8804.73   0.395105
12965.7   0.385607
16936.1   0.378849
21605.3   0.37063
27259.1   0.364055
32690.6   0.35821
38153.8   0.353075
45141.7   0.347256
52415.5   0.34329
64294.9   0.337471
+KVIDZALine
ID:Z=2 A=4
2	4
11
2293.3   0.429451
5374.32   0.414429
9630.57   0.402137
14363.3   0.391155
21891.1   0.378667
28339   0.370793
35962.2   0.363389
43744.1   0.356513
51716.7   0.351488
60610.3   0.346992
64676   0.345141
+KVIDZALine
ID:Z=3 A=7
3	7
9
7629.5   0.438743
11091.7   0.423819
14426.8   0.415653
18651.3   0.409177
23860.4   0.4027
29069.6   0.397913
36629.2   0.392
48635.7   0.383834
62802   0.375387
+KVIDCutLine
OK:gamma_line
above
14
126.891   0.668062
309.163   0.469846
393.236   0.423774
567.403   0.384818
851.048   0.361685
1264.07   0.342627
1742.12   0.330259
2657.41   0.319134
3921.37   0.311942
7031.22   0.305834
9711.42   0.302434
24481   0.293763
41361.9   0.288718
63818.4   0.284629
!
# ASCII file generated by KVIDZAGrid::WriteToAsciiFile
# ID Graph Name : CSI_1304
# This file can be read using KVIDZAGrid::ReadFromAsciiFile
# 
++KVIDZAGrid
<PARAMETER> IDTelescopes=CSI_1304
<VARX> TotLight
<VARY> R/TotLight
<PARAMETER> Runlist=1000-8000
+KVIDZALine
ID:Z=1 A=1
1	1
17
1091.44   0.382284
1895.89   0.367369
3026.46   0.35169
3896.14   0.343277
5135.42   0.334481
6787.8   0.326705
8657.6   0.320459
10723.1   0.31536
13593   0.310261
16984.7   0.306055
21234.9   0.303132
25420.6   0.301466
31856.1   0.299044
38280.9   0.297199
48987.5   0.295857
56461.5   0.295602
64777.9   0.295294
+KVIDZALine
ID:Z=1 A=2
1	2
16
1213.35   0.395388
2388.58   0.380879
3913.21   0.366136
5088.45   0.355605
7343.63   0.344606
10392.9   0.334777
13251.6   0.327874
16364.3   0.322257
20970   0.316056
25448.6   0.312195
30753   0.308567
37645.6   0.30611
43934.7   0.303887
51621.4   0.301547
62420.8   0.299909
64898.4   0.299324
+KVIDZALine
ID:Z=1 A=3
1	3
15
1562.74   0.400602
2801.5   0.388199
4770.82   0.372051
6295.45   0.362925
8804.73   0.351809
12044.6   0.342682
16396.1   0.333555
21097   0.326886
26147.4   0.321269
31610.6   0.316472
37836.2   0.312845
42981.8   0.310037
53558.9   0.306409
61150.3   0.305005
64834.8   0.303849
+KVIDZALine
ID:Z=2 A=3
2	3
12
4675.53   0.408515
7820.07   0.399637
11091.7   0.39236
16300.8   0.38188
21001.8   0.375622
26052.1   0.368926
31547.1   0.363541
36533.9   0.359029
43712.4   0.353935
50954.4   0.349423
55591.8   0.346949
64771.3   0.342437
+KVIDZALine
ID:Z=2 A=4
2	4
12
2134.48   0.428601
4199.08   0.418558
7438.92   0.407788
11758.7   0.398473
17190.2   0.389449
23384   0.380425
28084.9   0.375476
34945.8   0.369217
42600.7   0.363104
49493.3   0.358301
57910.5   0.353498
64803.1   0.34986
+KVIDZALine
ID:Z=2 A=6
2	6
9
12552.8   0.409295
16777.3   0.401041
22049.9   0.393476
26274.4   0.388661
33452.9   0.382013
39329.1   0.377428
46571.1   0.372154
56163.5   0.366194
63246.7   0.362525
+KVIDZALine
ID:Z=2 A=8
2	8
9
11885.8   0.415026
15792.6   0.407919
19763   0.402188
23193.4   0.39852
29387.2   0.393017
33897.6   0.389808
41266.6   0.384993
52669.6   0.376969
63373.7   0.371925
+KVIDZALine
ID:Z=3 A=7
3	7
8
8175.48   0.430509
12401.5   0.422798
18317.8   0.415086
25169.9   0.407742
31991.9   0.402602
39296.8   0.398195
48563.7   0.392871
61362.4   0.387179
+KVIDCutLine
OK:gamma_line
above
11
113.057   0.806133
156.541   0.6408
308.734   0.446021
569.636   0.383941
1461.05   0.342767
3439.56   0.318037
5896.39   0.308349
11810.2   0.301593
18615.4   0.298024
24833.5   0.295602
44270.7   0.291395
!
# ASCII file generated by KVIDZAGrid::WriteToAsciiFile
# ID Graph Name : CSI_1307
# This file can be read using KVIDZAGrid::ReadFromAsciiFile
# 
++KVIDZAGrid
<PARAMETER> IDTelescopes=CSI_1307
<VARX> TotLight
<VARY> R/TotLight
<PARAMETER> Runlist=1000-8000
+KVIDZALine
ID:Z=1 A=1
1	1
19
883.615   0.384544
1244.27   0.371859
1537.31   0.361756
2078.3   0.351878
2844.7   0.341775
3813.97   0.333469
5256.61   0.325387
6789.41   0.319325
9426.73   0.312814
11883.7   0.308885
14814.1   0.305293
17406.3   0.303273
21058   0.300803
25002.7   0.299681
29533.5   0.298221
34965.9   0.297099
41390.2   0.296313
45898.4   0.296089
63310.2   0.29484
+KVIDZALine
ID:Z=1 A=2
1	2
17
951.239   0.392401
1650.02   0.37938
2393.88   0.368155
3272.98   0.358277
4580.37   0.346939
6293.51   0.33852
8908.29   0.330101
11658.3   0.323254
15400.2   0.316743
18894   0.312927
22816.2   0.309222
27504.8   0.306977
33681.1   0.304283
37648.3   0.302824
42494.7   0.301589
50092.6   0.300621
63691.4   0.299254
+KVIDZALine
ID:Z=1 A=3
1	3
16
832.193   0.400527
1689.8   0.387285
2674.45   0.376691
4167.32   0.365104
5437.84   0.356387
7534.21   0.345903
10297.6   0.336965
13950.4   0.32902
17063.1   0.323723
21160.6   0.318537
26433.2   0.314012
32468.2   0.31004
39265.5   0.30706
46189.9   0.305405
58196.3   0.304191
64707.8   0.303198
+KVIDZALine
ID:Z=2 A=3
2	3
11
4103.79   0.397532
6486.02   0.389035
10519.9   0.378993
14808   0.371379
20144.2   0.363654
25925   0.356813
31578.9   0.351626
38439.7   0.345998
46634.6   0.340812
55655.3   0.335626
64231.3   0.331101
+KVIDZALine
ID:Z=2 A=4
2	4
13
1403.93   0.42854
2610.93   0.41596
4072.03   0.40625
6073.1   0.398525
7978.89   0.392677
12044.6   0.3844
16936.1   0.376124
22971.1   0.368068
30181.3   0.360896
37868   0.354632
45872.3   0.348868
56703.5   0.342026
64644.3   0.337391
+KVIDZALine
ID:Z=3 A=7
3	7
10
5819   0.425074
9376.47   0.413729
13092.7   0.407463
19604.2   0.399505
27036.7   0.392224
33484.7   0.387313
40345.5   0.382233
45586.4   0.379355
57974   0.372243
64104.3   0.369025
+KVIDCutLine
OK:gamma_line
above
10
176.306   0.496903
260.688   0.451591
414.344   0.398364
690.098   0.360769
1305.71   0.333858
2655.64   0.316248
6402.39   0.305167
14117   0.298242
28712.1   0.293295
55256.9   0.29191
!
# ASCII file generated by KVIDZAGrid::WriteToAsciiFile
# ID Graph Name : CSI_1310
# This file can be read using KVIDZAGrid::ReadFromAsciiFile
# 
++KVIDZAGrid
<PARAMETER> IDTelescopes=CSI_1310
<VARX> TotLight
<VARY> R/TotLight
<PARAMETER> Runlist=1000-8000
+KVIDZALine
ID:Z=1 A=1
1	1
14
1499.22   0.387024
2674.45   0.370244
4262.61   0.354395
6136.63   0.342808
8677.68   0.331621
11472.8   0.324562
16173.8   0.316172
22367.6   0.309513
27830.8   0.305917
35390.4   0.302721
44474.7   0.300057
54130.7   0.297793
60229.2   0.296986
64866.6   0.296164
+KVIDZALine
ID:Z=1 A=2
1	2
14
1816.85   0.400813
3341.48   0.38414
5088.45   0.370367
7470.68   0.357561
10138.8   0.348258
14045.6   0.338593
18873.6   0.330619
24591   0.323612
29895.4   0.318659
36819.8   0.313826
43013.6   0.310685
51144.9   0.307302
57878.7   0.305611
64930.1   0.30392
+KVIDZALine
ID:Z=1 A=3
1	3
14
3119.14   0.397913
5247.26   0.38257
7343.63   0.371576
9789.39   0.361669
12679.8   0.35442
16491.4   0.345963
21033.5   0.338714
26846.2   0.331828
32500   0.326753
38852.6   0.322162
45491.1   0.318659
52129.6   0.315276
59149.2   0.312497
64930.1   0.310202
+KVIDZALine
ID:Z=2 A=3
2	3
10
12076.3   0.400283
17285.5   0.391494
21986.4   0.385221
27290.9   0.379994
33103.5   0.37437
40631.4   0.368434
46221.7   0.364667
52383.7   0.361175
59911.6   0.357292
64834.8   0.354454
+KVIDZALine
ID:Z=2 A=4
2	4
11
1753.32   0.439667
3690.87   0.428708
6517.79   0.418548
10742.3   0.409644
15760.8   0.401539
22971.1   0.391836
29959   0.385215
40758.4   0.37768
50001.5   0.371288
58132.8   0.366607
64866.6   0.363639
+KVIDZALine
ID:Z=3 A=7
3	7
8
9090.6   0.444849
14839.7   0.428582
18270.1   0.422726
25512.1   0.415135
34628.1   0.409495
43394.7   0.404724
53590.7   0.399518
64549   0.394747
+KVIDCutLine
OK:gamma_line
above
13
145.608   0.754635
194.415   0.65687
306.393   0.56047
565.115   0.445426
953.29   0.380401
1850.29   0.34175
3312.64   0.324926
6517.79   0.313342
10846.2   0.304463
19477.1   0.301219
38376.2   0.296493
49143.9   0.293991
64898.4   0.291959
!
# ASCII file generated by KVIDZAGrid::WriteToAsciiFile
# ID Graph Name : CSI_1316
# This file can be read using KVIDZAGrid::ReadFromAsciiFile
# 
++KVIDZAGrid
<PARAMETER> IDTelescopes=CSI_1316
<VARX> TotLight
<VARY> R/TotLight
<PARAMETER> Runlist=1000-8000
+KVIDZALine
ID:Z=1 A=1
1	1
15
1467.45   0.381189
2452.11   0.364729
3532.06   0.352894
4929.63   0.342011
7153.05   0.332216
9757.62   0.32351
13156.3   0.316572
17094.9   0.311947
22780.5   0.30637
27608.5   0.303921
34374   0.3012
40091.4   0.299976
48445.1   0.298616
54702.4   0.297799
64739.5   0.296575
+KVIDZALine
ID:Z=1 A=2
1	2
14
1975.66   0.390983
3341.48   0.376428
5024.92   0.36364
6930.71   0.352213
9821.15   0.342419
13124.5   0.334393
17857.2   0.326095
23860.4   0.319157
30562.5   0.314124
38058.5   0.309907
45332.3   0.307458
51208.5   0.305689
59625.7   0.304193
64834.8   0.303105
+KVIDZALine
ID:Z=1 A=3
1	3
14
2356.82   0.398465
4040.27   0.382957
5723.71   0.372483
8264.76   0.360648
11187   0.351533
14871.5   0.342827
18937.2   0.335481
24305.1   0.328543
29768.4   0.32419
35803.4   0.319973
42219.5   0.316436
48635.7   0.313443
56258.8   0.311403
64866.6   0.308954
+KVIDZALine
ID:Z=2 A=3
2	3
10
12330.4   0.391002
16491.4   0.384
20207.7   0.379624
25734.5   0.373673
31134.2   0.367896
37010.4   0.362995
44347.6   0.358444
52034.3   0.353368
59816.3   0.349167
64771.3   0.347417
+KVIDZALine
ID:Z=2 A=4
2	4
10
2547.4   0.426534
4993.16   0.414982
8804.73   0.405005
14109.2   0.395202
21065.3   0.386626
29641.3   0.377174
36724.5   0.371572
46158.1   0.365271
55782.3   0.35967
64866.6   0.355819
+KVIDZALine
ID:Z=3 A=7
3	7
9
7534.21   0.434251
11472.8   0.423444
15633.8   0.41642
21764.1   0.410206
29133.1   0.404263
36502.2   0.399129
44697   0.395617
54511.8   0.391024
64739.5   0.386702
+KVIDCutLine
OK:gamma_line
above
11
190.326   0.524799
305.093   0.465081
574.807   0.400808
1169.08   0.355513
3214.42   0.326688
8074.18   0.310686
12743.4   0.304906
19604.2   0.301224
29895.4   0.297775
44866.4   0.29377
64121.8   0.291999
!
# ASCII file generated by KVIDZAGrid::WriteToAsciiFile
# ID Graph Name : CSI_1319
# This file can be read using KVIDZAGrid::ReadFromAsciiFile
# 
++KVIDZAGrid
<PARAMETER> IDTelescopes=CSI_1319
<VARX> TotLight
<VARY> R/TotLight
<PARAMETER> Runlist=1000-8000
+KVIDZALine
ID:Z=1 A=1
1	1
14
1689.8   0.380365
3119.14   0.36137
4707.29   0.347717
6231.92   0.337725
8391.81   0.329117
11981   0.319521
16650.2   0.312199
22240.5   0.306659
28116.7   0.302306
35739.8   0.29914
43299.5   0.297062
51049.6   0.295381
59435.1   0.29449
64771.3   0.293851
+KVIDZALine
ID:Z=1 A=2
1	2
14
2483.87   0.393234
4008.5   0.374482
5787.24   0.36121
8550.63   0.349033
12076.3   0.339414
16618.5   0.329795
20715.9   0.323706
25480.4   0.318714
31578.9   0.313965
37868   0.310068
43617.1   0.30739
51049.6   0.304833
57751.7   0.302884
64834.8   0.301301
+KVIDZALine
ID:Z=1 A=3
1	3
12
4707.29   0.383371
7121.29   0.367907
10234.1   0.356826
13410.4   0.348546
18714.8   0.338318
23860.4   0.331012
29641.3   0.325654
36978.6   0.319932
44792.3   0.315426
52764.9   0.311773
60165.7   0.309216
64866.6   0.307755
+KVIDZALine
ID:Z=2 A=3
2	3
8
15379.7   0.392083
20366.5   0.384718
26973.2   0.376752
33421.1   0.370288
41076   0.364577
49239.2   0.359016
56163.5   0.355408
64834.8   0.3512
+KVIDZALine
ID:Z=2 A=4
2	4
12
2483.87   0.431462
4453.19   0.421091
7438.92   0.413125
11536.4   0.404858
16904.3   0.397343
22494.6   0.389828
29291.9   0.382162
35898.7   0.376451
43998.2   0.37119
53876.6   0.364877
62516.1   0.36112
64866.6   0.360068
+KVIDZALine
ID:Z=3 A=7
3	7
11
6962.47   0.435863
9725.86   0.428922
13346.9   0.42256
18111.3   0.418222
23320.5   0.413884
28275.5   0.410125
34278.7   0.406076
42568.9   0.401738
48508.6   0.398846
57116.4   0.395954
64803.1   0.393062
+KVIDCutLine
OK:gamma_line
above
11
133.405   0.613976
196.931   0.545026
323.983   0.462861
609.851   0.407701
1245.11   0.359436
2992.08   0.326685
6009.58   0.312895
9090.6   0.305713
14553.9   0.301116
22621.7   0.297094
64612.5   0.289338
!
# ASCII file generated by KVIDZAGrid::WriteToAsciiFile
# ID Graph Name : CSI_1322
# This file can be read using KVIDZAGrid::ReadFromAsciiFile
# 
++KVIDZAGrid
<PARAMETER> IDTelescopes=CSI_1322
<VARX> TotLight
<VARY> R/TotLight
<PARAMETER> Runlist=1000-8000
+KVIDZALine
ID:Z=1 A=1
1	1
18
1340.4   0.380775
1848.61   0.371264
2452.11   0.36252
2992.08   0.354449
3563.82   0.348588
4707.29   0.339461
5882.53   0.333119
7565.97   0.326682
10075.3   0.320149
13664.5   0.313423
17603.1   0.308811
22113.5   0.305448
27926.1   0.302085
32881.2   0.300548
38916.1   0.299203
47333.4   0.297762
56512.9   0.296705
64803.1   0.296417
+KVIDZALine
ID:Z=1 A=2
1	2
16
2007.43   0.382889
3214.42   0.371552
4675.53   0.360502
6613.08   0.35051
8931.78   0.341671
11758.7   0.333984
15347.9   0.32649
19350.1   0.321109
23669.9   0.317074
28529.6   0.313519
35358.7   0.309772
41234.9   0.307082
46952.2   0.305544
53558.9   0.304007
60419.8   0.30295
64834.8   0.302182
+KVIDZALine
ID:Z=1 A=3
1	3
16
2737.98   0.386527
4199.08   0.374234
6009.58   0.365049
8709.44   0.355053
11187   0.347488
14109.2   0.340869
17857.2   0.33425
22208.8   0.328171
26941.5   0.323578
32214.1   0.319661
37391.5   0.316554
42568.9   0.314257
48032.2   0.311961
53019   0.31007
59657.4   0.308449
64803.1   0.307503
+KVIDZALine
ID:Z=2 A=3
2	3
9
11663.4   0.388646
15633.8   0.382097
20620.6   0.375205
26179.1   0.369511
34437.5   0.361521
42028.9   0.355627
50414.4   0.350733
57402.3   0.347736
64707.8   0.34454
+KVIDZALine
ID:Z=2 A=4
2	4
12
2070.95   0.427845
3690.87   0.416857
5501.37   0.410165
7534.21   0.404671
13601   0.392985
21160.6   0.381997
27735.5   0.374905
37042.1   0.367114
44824.1   0.36212
53177.8   0.357725
61023.3   0.354129
64803.1   0.352431
+KVIDZALine
ID:Z=3 A=7
3	7
8
7216.58   0.42908
12679.8   0.416083
18968.9   0.408381
24749.8   0.403568
31229.5   0.398995
39869   0.393941
49969.7   0.388405
64580.7   0.380222
+KVIDCutLine
OK:gamma_line
above
11
204.59   0.518509
277.853   0.467756
436.03   0.423347
748.151   0.374238
1345.15   0.346982
3134.53   0.32325
7407.15   0.309201
12203.4   0.303265
18218.7   0.299753
48159.2   0.29263
63578.9   0.290824
!
