# ASCII file generated by KVIDZAFromZGrid::WriteToAsciiFile
# ID Graph Name : SI_CSI_0617
# This file can be read using KVIDZAFromZGrid::ReadFromAsciiFile
# 
++KVIDZAFromZGrid
<PARAMETER> IDTelescopes=SI_CSI_0617
<VARX> TotLight
<VARY> ADC
<PARAMETER> Runlist=1000-8000
<PARAMETER> PIDRANGE=1-7
<PARAMETER> PIDRANGE1=1:0.660345,0.735533,0.831607|2:0.838694,0.895656,0.938694|3:0.948691,0.998691,1.121220
<PARAMETER> PIDRANGE2=3:1.820468,1.888694,1.924896|4:1.945000,1.995000,2.045000
<PARAMETER> PIDRANGE3=6:2.756419,2.865000,2.926288|7:2.934642,2.995000,3.061348|8:3.068310,3.105000,3.165776
<PARAMETER> PIDRANGE4=7:3.572626,3.715000,3.853885|9:3.890086,4.005000,4.054386|10:4.058563,4.115000,4.221470
<PARAMETER> PIDRANGE5=10:4.768317,4.845000,4.895000|11:4.899534,4.995000,5.167008
<PARAMETER> PIDRANGE6=10:5.664522,5.750849,5.794013|11:5.806544,5.883124,5.933124|12:5.936035,5.990337,6.062740|13:6.068435,6.118435,6.231217
<PARAMETER> PIDRANGE7=13:6.735533,6.849708,6.899708|14:6.905402,6.987552,7.034893|15:7.043247,7.069702,7.117043
OnlyZId 0
+KVIDZALine
ID:Z=1 A=1
1	1
12
177.458   1089.57
295.141   964.559
456.179   842.292
615.154   747.5
805.097   649.961
1102.4   542.805
1490.54   452.135
1878.69   394.435
2324.64   338.11
2760.27   301.018
3045.19   283.158
3439.53   266.673
+KVIDZALine
ID:Z=2 A=4
2	4
26
148.062   3197.66
248.512   2950.38
449.414   2607.27
750.766   2248.71
1076.47   1958.15
1453.92   1723.24
1901.38   1513.05
2446.25   1324.49
3021.56   1188.49
3599.92   1058.66
4214.8   956.66
5036.67   857.747
6182.22   753.064
7139.54   686.926
8207.18   620.787
10189.3   536.721
11813.4   473.134
14490.2   408.105
17200.8   358.776
19673.8   331.025
24015.9   301.979
26779.8   293.992
34108.5   291.381
41064.4   291.381
47349.2   298.859
58828.4   293.265
+KVIDZALine
ID:Z=3 A=7
3	7
24
152.363   6815.29
349.977   6082.5
673.606   5304.86
1191.99   4497.31
1747.6   3914.07
2331.85   3487.86
3013.47   3099.04
3712.28   2814.9
4282.21   2605.53
4946.65   2426.08
5760.02   2239.14
7270.47   1940.95
9064.47   1702.74
10597   1526.91
13302.7   1327.12
16608.1   1139.21
19411.7   1024.07
23637.5   893.073
28934.4   778.41
34746.7   691.528
41340.2   613.29
49507.1   535.573
57450.6   496.744
64947.2   455.589
+KVIDZALine
ID:Z=4 A=9
4	9
18
164.325   10590.7
362.182   9668.54
763.318   8449.35
1305.9   7304.05
2082.66   6284.36
2880.3   5545.46
3708.07   4910
4989.63   4307.27
5952.8   3967.62
8418.28   3301.72
11758.7   2746.56
14708.5   2361.71
18714.8   2025.01
25131   1735.1
31857.1   1483.46
42587.8   1235.61
57783.4   965.953
64752.5   874.438
+KVIDZALine
ID:Z=5 A=11
5	11
24
156.143   15263.2
257.976   14457.8
456.791   13495.2
805.931   12159.3
1145.37   11245.8
1581.8   10312.6
2154   9408.95
2832.88   8564.2
3734.83   7670.34
4680.42   6953.29
5390.88   6534.59
6848.06   5830.44
7938.18   5449.52
10012.7   4830.47
12730.8   4208.22
15962.1   3694.28
20384.7   3191.18
23160.4   2975.1
27445.2   2648.07
35258   2312.76
43005.1   2046.59
48195.4   1874.17
59079.1   1630.42
64832   1558.23
+KVIDZALine
ID:Z=6 A=12
6	12
19
166.002   19902.3
318.899   18696.9
690.22   16909.5
1258.12   15070.2
1924.32   13625.7
2673.06   12279
4119.48   10456.2
5268.04   9448.11
7504.13   8038.83
10070.5   6855.06
14195.3   5717.75
19017.1   4864.78
25729.6   4036.95
31527.8   3508.06
36486.1   3197.58
44287.9   2862.79
51819.2   2623.53
59147.5   2437.24
64884.9   2314.75
+KVIDZALine
ID:Z=7 A=14
7	14
19
183.076   25551.1
342.272   24096.9
660.666   22259.9
1118.36   20622
1556.15   18631.9
2292.43   17147
3375.46   15183.5
5353.63   12893.6
8203.91   10749.2
11500.9   9095.41
14563.8   8095.88
20286.4   6714.41
25660.2   5910.05
29520   5421.57
36155.2   4847.73
45092.3   4198.01
50720.6   3867.68
57579.2   3617.45
64825.5   3367.22
+KVIDZALine
ID:Z=8 A=16
8	16
17
196.296   30669.1
496.192   28746
1230.72   25113.7
2295.57   21546
3873.52   18663.9
5621.7   16316.1
8811.51   13501.8
11185.8   12075.5
14617.4   10429.5
18792   8984.31
24209.8   7944.51
30011.9   7034.9
38346.7   6227.28
46189.9   5384.2
52320.2   5007.68
58513.4   4667.75
64601.6   4513.03
+KVIDZALine
ID:Z=9 A=18
9	18
12
199.21   37092.4
748.753   33206.5
1736.22   29261.8
3101.49   25375.9
5746.17   20665.8
7523.6   18546.2
10054.1   15896.7
14364.3   13423.9
19004.3   11834.2
23556.4   10774.5
32902.4   9302.54
37630.4   8654.89
+KVIDZALine
ID:Z=10 A=20
10	20
12
136.342   43333.3
686.108   39447.5
1807.63   34325.2
3178.16   29850.5
5821.99   25199.3
8966.75   21548.9
11725.4   19017.2
15423.3   16779.9
21573.6   14307.1
28085.8   13011.8
32816.9   12246.4
37798.4   11422.1
+KVIDZALine
ID:Z=11 A=22
11	22
7
200.374   50163
784.799   44864.1
2426.76   37916.7
4347.01   32558.9
8159.69   26906.7
11749.7   23668.5
16007.7   20548
+KVIDZALine
ID:Z=12 A=24
12	24
7
144.714   57817
589.991   52989.1
1508.37   47278.1
3178.16   40860.5
5933.31   34972.8
9050.24   30439.3
13363.9   26141.3
!
# ASCII file generated by KVIDZAFromZGrid::WriteToAsciiFile
# ID Graph Name : SI_CSI_0618
# This file can be read using KVIDZAFromZGrid::ReadFromAsciiFile
# 
++KVIDZAFromZGrid
<PARAMETER> IDTelescopes=SI_CSI_0618
<VARX> TotLight
<VARY> ADC
<PARAMETER> Runlist=1000-8000
<PARAMETER> PIDRANGE=1-7
<PARAMETER> PIDRANGE1=1:0.647814,0.728571,0.817683|2:0.830340,0.880340,0.930340|3:0.937427,0.991729,1.133751
<PARAMETER> PIDRANGE2=3:1.838569,1.897048,1.911057|4:1.913897,1.995000,2.150459
<PARAMETER> PIDRANGE3=6:2.738318,2.885909,2.916541|7:2.923503,2.995000,3.050209|8:3.065525,3.115000,3.272988
<PARAMETER> PIDRANGE4=7:3.534934,3.705000,3.853118|9:3.882191,3.995000,4.051782|10:4.056627,4.105000,4.195530
<PARAMETER> PIDRANGE5=10:4.750849,4.855000,4.909580|11:4.915149,4.995000,5.069702|12:5.075272,5.105904,5.172737
<PARAMETER> PIDRANGE6=10:5.642245,5.725000,5.782874|11:5.785659,5.895000,5.938819|12:5.944389,6.015000,6.052994|13:6.061348,6.098942,6.140713|14:6.146282,6.157421,6.232609
<PARAMETER> PIDRANGE7=13:6.812239,6.877555,6.915149|14:6.920718,6.983375,7.054386|15:7.062740,7.080841,7.130966
OnlyZId 0
+KVIDZALine
ID:Z=1 A=1
1	1
12
154.135   1025.4
256.351   907.75
396.224   792.684
534.306   703.475
699.285   611.681
957.514   510.836
1294.64   425.506
1631.78   371.204
2019.12   318.197
2397.49   283.289
2644.97   266.481
2987.48   250.967
+KVIDZALine
ID:Z=2 A=4
2	4
26
116.294   3131.21
195.192   2889.07
352.989   2553.09
589.683   2201.98
845.505   1917.46
1141.97   1687.43
1493.42   1481.61
1921.39   1296.96
2373.26   1163.79
2827.53   1036.66
3310.48   936.779
3956.01   839.922
4855.78   737.414
5607.7   672.65
6446.27   607.886
8003.11   525.567
9278.75   463.301
11381.2   399.624
13510.2   351.32
15452.6   324.146
18863.1   295.703
21034   287.882
26790.3   285.326
32253.7   285.326
37190.1   292.648
46206.3   287.17
+KVIDZALine
ID:Z=3 A=7
3	7
25
119.672   6673.66
274.887   5956.1
529.079   5194.62
936.24   4403.85
1372.64   3832.73
1831.53   3415.38
2366.91   3034.64
2915.78   2756.4
3363.43   2551.38
3885.31   2375.66
4524.16   2192.61
5710.54   1900.61
7119.62   1667.35
8323.33   1495.18
10448.5   1299.54
13044.7   1115.54
15246.8   1002.79
18565.9   874.513
22726.3   762.233
27291.5   677.157
32470.3   600.545
38885   524.443
45124.1   486.421
54459.7   441.313
64702.2   400.825
+KVIDZALine
ID:Z=4 A=9
4	9
19
129.068   10370.6
284.473   9467.61
599.542   8273.76
1025.71   7152.26
1635.81   6153.76
2262.31   5430.22
2912.48   4807.96
3919.07   4217.76
4675.58   3885.17
6612.07   3233.1
9235.78   2689.48
11552.7   2312.63
14699.4   1982.93
19692.4   1676
27788.6   1351.25
35063.8   1167.8
45385.5   945.879
52611.4   856.309
64804.9   790.517
+KVIDZALine
ID:Z=5 A=11
5	11
25
122.641   14946
202.625   14157.3
358.783   13214.7
633.012   11906.6
899.622   11012.1
1242.41   10098.3
1691.84   9213.42
2225.06   8386.22
2933.49   7510.94
3676.2   6808.79
4234.23   6398.79
5378.76   5709.27
6234.98   5336.27
7864.4   4730.08
9999.31   4120.77
12537.3   3617.51
16011   3124.86
18191.2   2913.27
21556.6   2593.04
28252.9   2179.72
33515.3   1972.22
38521.1   1795.09
46403.2   1596.54
56030.3   1429.31
64578.4   1340.85
+KVIDZALine
ID:Z=6 A=12
6	12
20
130.385   19488.7
250.477   18308.3
542.128   16558.1
988.181   14757
1511.44   13342.5
2099.53   12023.8
3235.61   10238.9
4137.74   9251.76
5894.06   7871.77
7909.8   6712.6
11149.6   5598.93
14936.8   4763.68
20209.1   3953.06
24763.3   3435.16
28657.7   3131.13
34785.6   2803.3
41331.1   2535.1
46587   2370.81
55106.2   2143.33
64665   1972.73
+KVIDZALine
ID:Z=7 A=14
7	14
20
143.796   25020.1
268.835   23596.1
518.915   21797.3
878.407   20193.4
1222.27   18244.7
1800.57   16790.7
2651.23   14868
4204.97   12625.6
6443.7   10525.8
9033.3   8906.39
11439   7927.63
15933.8   6574.87
20154.6   5787.23
23186.3   5308.9
28397.8   4746.99
35417.4   4110.77
39838.1   3787.3
45225.1   3542.27
54242   3163.9
64348.4   2886.37
+KVIDZALine
ID:Z=8 A=16
8	16
17
154.179   30031.7
389.73   28148.6
966.66   24591.8
1803.04   21098.2
3042.43   18276
4415.52   15977
6920.93   13221.2
8785.8   11824.6
11481.1   10212.8
14760   8797.6
19015.4   7779.41
23572.6   6888.7
29508   6093.44
36279.5   5272.31
41094.5   4903.61
45958.9   4570.75
57799.2   4011.93
+KVIDZALine
ID:Z=9 A=18
9	18
12
156.468   36321.6
588.102   32516.4
1363.7   28653.7
2436.04   24848.5
4513.29   20236.3
5909.35   18160.8
7896.92   15566.3
11282.3   13144.9
14926.8   11588.3
18502.2   10550.6
25842.9   9109.22
29556.5   8475.03
+KVIDZALine
ID:Z=10 A=20
10	20
12
107.089   42432.8
538.898   38627.7
1419.79   33611.9
2496.26   29230.2
4572.84   24675.6
7042.87   21101.1
9209.63   18622
12114.1   16431.2
16944.8   14009.8
22059.8   12741.4
25775.8   11991.9
29688.5   11184.7
+KVIDZALine
ID:Z=11 A=22
11	22
9
157.382   49120.5
616.414   43931.7
1906.08   37128.7
3414.33   31882.3
5698.75   27370.3
8274.14   23832.5
12122.4   20353.8
15925.6   18533.2
23501.5   16632.4
+KVIDZALine
ID:Z=12 A=24
12	24
8
132.677   57146.2
535.447   50778.3
1720.07   43643.9
3568.07   37040.1
6742.85   31792.5
10841.6   27783
17065.8   24658
24023   22417.5
!
# ASCII file generated by KVIDZAFromZGrid::WriteToAsciiFile
# ID Graph Name : SI_CSI_0619
# This file can be read using KVIDZAFromZGrid::ReadFromAsciiFile
# 
++KVIDZAFromZGrid
<PARAMETER> IDTelescopes=SI_CSI_0619
<VARX> TotLight
<VARY> ADC
<PARAMETER> Runlist=1000-8000
<PARAMETER> PIDRANGE=1-7
<PARAMETER> PIDRANGE1=1:0.672877,0.748065,0.842142|2:0.846314,0.904729,0.954729|3:0.957650,1.007650,1.131433
<PARAMETER> PIDRANGE2=3:1.824061,1.900556,1.931154|4:1.935327,2.004868,2.191238
<PARAMETER> PIDRANGE3=6:2.748957,2.881085,2.921419|7:2.926982,2.982615,3.096662|8:3.103616,3.141168,3.266342
<PARAMETER> PIDRANGE4=7:3.576803,3.705000,3.830214|9:3.888694,3.975000,4.033500|10:4.039070,4.079972,4.217293
<PARAMETER> PIDRANGE5=10:4.746672,4.825000,4.877555|11:4.886648,4.965000,5.015000|12:5.025000,5.075000,5.110570|13:5.114743,5.152295,5.223227
<PARAMETER> PIDRANGE6=11:5.762865,5.842142,5.885257|12:5.897775,5.971488,6.049374|13:6.056328,6.095271,6.213491
<PARAMETER> PIDRANGE7=13:6.822670,6.879694,6.935327|14:6.942281,7.002086,7.075800|15:7.080042,7.130042,7.189847
OnlyZId 0
+KVIDZALine
ID:Z=1 A=1
1	1
12
199.944   1025.3
332.539   907.659
513.983   792.605
693.102   703.405
907.113   611.619
1242.09   510.785
1679.41   425.463
2116.74   371.167
2619.2   318.165
3110.03   283.261
3431.05   266.454
3875.36   250.942
+KVIDZALine
ID:Z=2 A=4
2	4
26
166.823   3009.03
280.002   2776.34
506.36   2453.47
845.897   2116.06
1212.87   1842.64
1638.15   1621.59
2142.31   1423.79
2756.22   1246.36
3404.43   1118.38
4056.07   996.209
4748.87   900.226
5674.88   807.148
6965.58   708.64
8044.21   646.404
9247.13   584.166
11480.4   505.06
13310.3   445.224
16326.3   384.031
19380.4   337.612
22166.7   311.498
27059   284.165
30173.1   276.649
38430.5   274.192
46267.8   274.192
53348.9   281.229
66282.7   275.965
+KVIDZALine
ID:Z=3 A=7
3	7
24
171.669   6413.25
394.323   5723.69
758.96   4991.92
1343.03   4232.01
1969.04   3683.18
2627.32   3282.11
3395.31   2916.23
4182.67   2648.85
4824.82   2451.83
5573.45   2282.96
6489.89   2107.05
8191.73   1826.45
10213.1   1602.29
11939.8   1436.84
14988.3   1248.83
18712.6   1072.01
21871.4   963.66
26632.7   840.39
32600.7   732.491
39149.5   650.734
46578.5   577.112
55780.3   503.979
64730.3   467.441
73176.8   428.714
+KVIDZALine
ID:Z=4 A=9
4	9
18
185.147   9965.95
408.075   9098.19
860.04   7950.92
1471.37   6873.18
2346.56   5913.64
3245.27   5218.33
4177.93   4620.36
5621.88   4053.18
6707.09   3733.57
9484.98   3106.95
13248.7   2584.54
16572.2   2222.39
21086.2   1905.55
28315.4   1632.75
35893.8   1395.95
47984.2   1162.72
65105.3   908.971
72957.4   822.854
+KVIDZALine
ID:Z=5 A=11
5	11
24
175.928   14362.8
290.665   13604.9
514.672   12699.1
908.052   11442
1290.5   10582.4
1782.23   9704.25
2426.94   8853.91
3191.84   8058.99
4208.08   7217.86
5273.49   6543.11
6073.97   6149.11
7715.79   5486.5
8944.05   5128.05
11281.4   4545.52
14343.9   3959.98
17984.7   3476.35
22967.7   3002.93
26095.1   2799.6
30922.8   2491.86
39725.6   2176.33
48454.4   1925.86
54302.4   1763.61
66565.2   1534.24
73047   1466.31
+KVIDZALine
ID:Z=6 A=12
6	12
19
187.037   18728.3
359.307   17594
777.679   15912
1417.54   14181.2
2168.16   12821.9
3011.77   11554.7
4641.47   9839.38
5935.57   8890.76
8455   7564.62
11346.6   6450.68
15994   5380.46
21426.8   4577.8
28989.9   3798.81
35522.8   3301.12
41109.3   3008.95
49899.7   2693.91
58385.3   2468.77
66642.2   2293.47
73106.6   2178.2
+KVIDZALine
ID:Z=7 A=14
7	14
19
198.146   24043.8
370.446   22675.4
715.049   20946.8
1210.42   19405.5
1684.24   17532.8
2481.13   16135.5
3653.31   14287.8
5794.32   12133
8879.22   10115.1
12447.6   8558.87
15762.6   7618.3
21956.2   6318.32
27772.5   5561.41
31949.9   5101.75
39131.3   4561.76
48804.1   3950.37
54895.7   3639.52
62318.9   3404.05
70161.6   3168.59
+KVIDZALine
ID:Z=8 A=16
8	16
17
221.169   28859.9
559.066   27050.3
1386.67   23632.2
2586.45   20275
4364.34   17562.9
6334.04   15353.6
9928.04   12705.3
12603.2   11363.2
16469.6   9814.26
21173.2   8454.32
27277.5   7475.86
33814.8   6619.91
43205.7   5859.93
52042.7   5066.58
58949.8   4712.27
65927.8   4392.4
72787.4   4246.8
+KVIDZALine
ID:Z=9 A=18
9	18
12
233.566   34209.7
877.884   30625.8
2035.65   26987.6
3636.38   23403.8
6737.16   19059.7
8821.13   17104.9
11788.1   14661.2
16841.6   12380.6
22281.8   10914.5
27619   9937.14
38576.8   8579.58
44120.2   7982.26
+KVIDZALine
ID:Z=10 A=20
10	20
12
153.618   40777
773.046   37120.5
2036.68   32300.3
3580.87   28089.6
6559.71   23712.8
10102.9   20277.7
13211.2   17895.4
17377.6   15790
24307.2   13463.1
31644.6   12244.2
36975.2   11524
42587.9   10748.3
+KVIDZALine
ID:Z=11 A=22
11	22
7
225.764   47203.9
884.243   42217.5
2734.26   35680
4897.83   30638.2
9193.62   25319.5
13238.5   22272.3
18036.1   19335.9
+KVIDZALine
ID:Z=12 A=24
12	24
7
163.051   54406.3
664.75   49863.2
1699.5   44489.1
3580.87   38450.1
6685.13   32909.7
10197   28643.7
15057.3   24599.2
!
# ASCII file generated by KVIDZAFromZGrid::WriteToAsciiFile
# ID Graph Name : SI_CSI_0620
# This file can be read using KVIDZAFromZGrid::ReadFromAsciiFile
# 
++KVIDZAFromZGrid
<PARAMETER> IDTelescopes=SI_CSI_0620
<VARX> TotLight
<VARY> ADC
<PARAMETER> Runlist=1000-8000
<PARAMETER> PIDRANGE=
OnlyZId 0
+KVIDZALine
ID:Z=2 A=4
2	4
4
154.43   377.989
255.574   349.64
391.256   322.341
559.007   291.892
+KVIDZALine
ID:Z=3 A=7
3	7
12
163.593   796.113
317.157   723.027
602.347   636.89
965.886   569.025
1464.19   488.108
2191.26   420.243
3118.92   360.208
4265.94   318.445
5293.88   297.563
6400.3   302.391
7770.72   306.415
10126.6   294.443
+KVIDZALine
ID:Z=4 A=9
4	9
20
172.207   1248.76
385.694   1115.14
602.724   1033.27
957.502   919.538
1427.88   820.772
2077.64   739.964
2771.25   668.134
3325.35   605.283
4058.16   549.134
4780.33   512.503
5362.33   488.56
6311.06   458.631
7451.13   416.73
9822.9   372.572
11173.6   348.394
12442.2   338.031
13779.3   320.761
15098.1   310.399
16640.5   306.944
19518.2   302.784
+KVIDZALine
ID:Z=5 A=11
5	11
22
181.298   1773.72
297.122   1642.01
630.969   1480.55
1114.7   1310.59
1782.4   1153.38
2525.03   1025.91
3424.37   928.183
4534.92   826.208
5870.31   749.727
7553.16   656.251
9181.51   596.766
10925.7   550.027
12683.5   503.289
15479.7   453.508
17533.9   422.892
19350.9   392.277
21413.3   371.866
23623.1   356.558
27164.8   326.825
30597   304.01
33832.4   299.595
39687.9   297.014
+KVIDZALine
ID:Z=6 A=12
6	12
23
175.646   2299.76
359.956   2151.12
706.894   1952.94
1509.19   1682.7
2550   1425.97
3596.24   1276.83
4685.84   1146.71
5867.59   1056.63
7645.65   930.519
9456.23   826.925
11591.3   753.093
14085.7   673.786
17446.6   615.233
20707.2   566.208
24009.7   506.998
26916.6   461.172
31858.1   428.976
34891.7   404.543
37624.5   389.882
41168.1   365.448
52043.7   323.901
57755.7   313.44
64891.4   324.235
+KVIDZALine
ID:Z=7 A=14
7	14
21
137.809   2996.3
389.971   2744.6
827.937   2461.99
1398.62   2254.45
2221.46   2011.59
3137.21   1804.04
4398.02   1623
6056.98   1419.87
7384.15   1318.31
9321.81   1185.84
11856.7   1057.78
13993.4   969.466
16581.4   898.813
19129.6   828.161
22022.8   757.509
25168.2   726.599
33156.2   617.559
39352.4   563.068
46566.4   499.442
53626.8   460.525
64037.9   447.552
+KVIDZALine
ID:Z=8 A=16
8	16
17
239.968   3621.49
486.291   3342.08
1001.33   2989.78
2076.19   2588.89
3688.49   2230.52
5569.5   1926.81
7450.51   1720.29
9846.56   1525.92
13429.4   1331.55
16989.9   1161.47
20640   1052.14
24456.6   953.48
30045   869.915
35397   809.173
40659.3   748.432
45339.4   705.913
58006.6   655.112
+KVIDZALine
ID:Z=9 A=18
9	18
11
188.022   4364.58
555.474   3953.13
1333.61   3535.8
2652.11   3030.3
4359.68   2624.73
6413.08   2307.32
9893.06   1960.53
14216   1654.88
18798.4   1437.4
24850.5   1243.43
33215.4   1102.36
+KVIDZALine
ID:Z=10 A=20
10	20
13
209.637   5064.04
404.17   4805.42
814.851   4488.01
1722.67   4029.54
2803.41   3600.45
4489.37   3212.52
6650.84   2818.7
8985.24   2524.8
11319.6   2266.18
14475.4   2036.94
18495.7   1854.73
22040.6   1748.93
27012   1660.76
+KVIDZALine
ID:Z=11 A=22
11	22
9
188.022   5792.9
404.17   5510.76
922.925   5134.58
1787.52   4670.23
2976.33   4200
4619.05   3817.94
7277.67   3306.56
11362.9   2801.06
15966.8   2448.39
!
# ASCII file generated by KVIDZAFromZGrid::WriteToAsciiFile
# ID Graph Name : SI_CSI_0621
# This file can be read using KVIDZAFromZGrid::ReadFromAsciiFile
# 
++KVIDZAFromZGrid
<PARAMETER> IDTelescopes=SI_CSI_0621
<VARX> TotLight
<VARY> ADC
<PARAMETER> Runlist=1000-8000
<PARAMETER> PIDRANGE=1-4
<PARAMETER> PIDRANGE1=1:0.668700,0.745280,0.842746|2:0.846923,0.902618,0.952618|3:0.955528,1.001476,1.122612
<PARAMETER> PIDRANGE2=3:1.810721,1.905402,1.932545|4:1.936035,2.002868,2.144890
<PARAMETER> PIDRANGE3=6:2.794854,2.904729,2.942281|7:2.947844,3.024339,3.074339|8:3.081363,3.127260,3.237135
<PARAMETER> PIDRANGE4=7:3.589013,3.753129,3.886648|9:3.936718,4.031293,4.088317|10:4.095271,4.141168,4.283032
OnlyZId 0
+KVIDZALine
ID:Z=1 A=1
1	1
12
172.671   1167.7
301.148   1033.72
476.956   902.69
650.512   801.101
857.876   696.567
1182.45   581.728
1606.19   484.556
2029.94   422.719
2516.79   362.355
2992.37   322.603
3303.43   303.462
3733.93   285.795
+KVIDZALine
ID:Z=2 A=4
2	4
26
140.579   3426.95
250.242   3161.94
469.57   2794.23
798.562   2409.96
1154.14   2098.56
1566.21   1846.81
2054.71   1621.55
2649.55   1419.46
3277.63   1273.71
3909.04   1134.57
4580.31   1025.26
5477.56   919.253
6728.18   807.064
7773.3   736.183
8938.87   665.302
11102.8   575.207
12875.8   507.061
15798.2   437.369
18757.4   384.503
21457.2   354.762
26197.5   323.633
29214.9   315.073
37215.8   312.275
44809.7   312.275
51670.9   320.289
64203   314.294
+KVIDZALine
ID:Z=3 A=7
3	7
24
130.822   7230.95
344.403   6453.47
694.182   5628.4
1254.45   4771.6
1854.96   4152.79
2486.41   3700.58
3223.11   3288.05
3978.38   2986.58
4594.36   2764.44
5312.49   2574.05
6191.58   2375.7
7824.08   2059.33
9763.04   1806.59
11419.4   1620.04
14343.7   1408.06
17916.2   1208.69
20946.3   1086.53
25513.6   947.541
31238.5   825.885
37520.4   733.704
44646.7   650.694
53473.5   568.237
62058.8   527.04
70161.2   483.375
+KVIDZALine
ID:Z=4 A=9
4	9
18
143.75   11236.6
357.594   10258.2
791.143   8964.67
1377.57   7749.52
2217.09   6667.64
3079.18   5883.67
3973.83   5209.46
5358.95   4569.97
6399.94   4209.6
9064.63   3503.09
12675   2914.07
15863.1   2505.75
20193.1   2148.51
27127.8   1840.92
34397.3   1573.94
45995.1   1310.97
62418.5   1024.87
69950.7   927.77
+KVIDZALine
ID:Z=5 A=11
5	11
24
134.907   16194.1
244.968   15339.6
459.848   14318.3
837.199   12900.9
1204.06   11931.7
1675.76   10941.6
2294.19   9982.8
3027.93   9086.53
4002.76   8138.15
5024.75   7377.37
5792.62   6933.13
7367.54   6186.04
8545.74   5781.88
10787.9   5125.08
13725.6   4464.88
17218   3919.59
21998   3385.81
24997.9   3156.55
29629   2809.57
38073   2453.81
46446.1   2171.41
52055.8   1988.47
63818.9   1729.86
70036.6   1653.27
+KVIDZALine
ID:Z=6 A=12
6	12
19
145.563   21116.1
310.814   19837.2
712.138   17940.8
1325.93   15989.3
2045.95   14456.7
2855.19   13027.9
4418.49   11093.9
5659.85   10024.3
8076.62   8529.11
10850.4   7273.15
15308.4   6066.47
20519.9   5161.48
27774.7   4283.16
34041.4   3722.01
39400.4   3392.6
47832.6   3037.39
55972.4   2783.54
63892.8   2585.89
70093.8   2455.93
+KVIDZALine
ID:Z=7 A=14
7	14
19
164.016   27109.4
336.076   25566.6
680.196   23617.5
1057.27   21759.8
1648.04   19768.3
2443.81   18192.8
3614.35   16109.5
5752.36   13680
8832.94   11404.8
12396.3   9650.13
15706.7   8589.64
21891.7   7123.92
27699.7   6270.5
31871.4   5752.23
39042.7   5143.39
48702   4454.04
54785   4103.57
62197.8   3838.08
70029.6   3572.59
+KVIDZALine
ID:Z=8 A=16
8	16
17
176.521   32214.2
497.408   30194.2
1283.35   26378.9
2422.73   22631.5
4111.13   19604.2
5981.67   17138.1
9394.74   14182
11935.2   12683.9
15607   10954.9
20073.8   9436.94
25870.8   8344.75
32079   7389.32
40997.2   6541.01
49389.4   5655.45
55948.7   5259.96
62575.4   4902.91
69089.8   4740.39
+KVIDZALine
ID:Z=9 A=18
9	18
12
185.101   38571.5
790.986   34530.6
1879.69   30428.6
3384.94   26387.8
6300.76   21489.9
8260.43   19285.7
11050.4   16530.6
15802.5   13959.2
20918.2   12306.1
25937   11204.1
36241.2   9673.49
41453.9   9000.01
+KVIDZALine
ID:Z=10 A=20
10	20
12
113.506   45976.2
707.694   41853.4
1919.84   36418.7
3401.11   31671.1
6258.56   26736.2
9657.42   22863.2
12639   20177
16635.7   17803.3
23282.9   15179.7
30321.3   13805.4
35434.7   12993.3
40818.7   12118.7
+KVIDZALine
ID:Z=11 A=22
11	22
7
182.712   53222.4
814.359   47600.3
2588.99   40229.2
4664.4   34544.7
8785.15   28547.7
12665.2   25112
17267.3   21801.2
+KVIDZALine
ID:Z=12 A=24
12	24
7
122.555   61343.2
603.811   56220.9
1596.4   50161.6
3401.11   43352.6
6378.88   37105.8
9747.66   32295.8
14409.9   27735.6
!
# ASCII file generated by KVIDZAFromZGrid::WriteToAsciiFile
# ID Graph Name : SI_CSI_0622
# This file can be read using KVIDZAFromZGrid::ReadFromAsciiFile
# 
++KVIDZAFromZGrid
<PARAMETER> IDTelescopes=SI_CSI_0622
<VARX> TotLight
<VARY> ADC
<PARAMETER> Runlist=1000-8000
<PARAMETER> PIDRANGE=1-6
<PARAMETER> PIDRANGE1=1:0.644645,0.723002,0.821280|2:0.829624,0.882476,0.935327|3:0.939499,0.984006,1.150904
<PARAMETER> PIDRANGE2=3:1.808762,1.872740,1.913074|4:1.915855,1.984006,2.136996
<PARAMETER> PIDRANGE3=6:2.732267,2.855000,2.889430|7:2.892211,2.975000,3.039638|8:3.042420,3.077191,3.181502
<PARAMETER> PIDRANGE4=7:3.509969,3.675000,3.820468|9:3.874770,3.985000,4.029323|10:4.036285,4.085000,4.169953
<PARAMETER> PIDRANGE5=10:4.727179,4.814898,4.870593|11:4.883124,4.962490,5.079449
<PARAMETER> PIDRANGE6=10:5.624144,5.688193,5.763381|11:5.771735,5.862239,5.919326|12:5.936035,5.988945,6.073879|13:6.079574,6.129574,6.218686
OnlyZId 0
+KVIDZALine
ID:Z=1 A=1
1	1
12
177.458   1089.57
295.141   964.559
456.179   842.292
615.154   747.5
805.097   649.961
1102.4   542.805
1490.54   452.135
1878.69   394.435
2324.64   338.11
2760.27   301.018
3045.19   283.158
3439.53   266.673
+KVIDZALine
ID:Z=2 A=4
2	4
26
148.062   3197.66
248.512   2950.38
449.414   2607.27
750.766   2248.71
1076.47   1958.15
1453.92   1723.24
1901.38   1513.05
2446.25   1324.49
3021.56   1188.49
3599.92   1058.66
4214.8   956.66
5036.67   857.747
6182.22   753.064
7139.54   686.926
8207.18   620.787
10189.3   536.721
11813.4   473.134
14490.2   408.105
17200.8   358.776
19673.8   331.025
24015.9   301.979
26779.8   293.992
34108.5   291.381
41064.4   291.381
47349.2   298.859
58828.4   293.265
+KVIDZALine
ID:Z=3 A=7
3	7
24
152.363   6815.29
349.977   6082.5
673.606   5304.86
1191.99   4497.31
1747.6   3914.07
2331.85   3487.86
3013.47   3099.04
3712.28   2814.9
4282.21   2605.53
4946.65   2426.08
5760.02   2239.14
7270.47   1940.95
9064.47   1702.74
10597   1526.91
13302.7   1327.12
16608.1   1139.21
19411.7   1024.07
23637.5   893.073
28934.4   778.41
34746.7   691.528
41340.2   613.29
49507.1   535.573
57450.6   496.744
64947.2   455.589
+KVIDZALine
ID:Z=4 A=9
4	9
18
164.325   10590.7
362.182   9668.54
763.318   8449.35
1305.9   7304.05
2082.66   6284.36
2880.3   5545.46
3708.07   4910
4989.63   4307.27
5952.8   3967.62
8418.28   3301.72
11758.7   2746.56
14708.5   2361.71
18714.8   2025.01
25131   1735.1
31857.1   1483.46
42587.8   1235.61
57783.4   965.953
64752.5   874.438
+KVIDZALine
ID:Z=5 A=11
5	11
24
156.143   15263.2
257.976   14457.8
456.791   13495.2
805.931   12159.3
1145.37   11245.8
1581.8   10312.6
2154   9408.95
2832.88   8564.2
3734.83   7670.34
4680.42   6953.29
5390.88   6534.59
6848.06   5830.44
7938.18   5449.52
10012.7   4830.47
12730.8   4208.22
15962.1   3694.28
20384.7   3191.18
23160.4   2975.1
27445.2   2648.07
35258   2312.76
43005.1   2046.59
48195.4   1874.17
59079.1   1630.42
64832   1558.23
+KVIDZALine
ID:Z=6 A=12
6	12
19
166.002   19902.3
318.899   18696.9
690.22   16909.5
1258.12   15070.2
1924.32   13625.7
2673.06   12279
4119.48   10456.2
5268.04   9448.11
7504.13   8038.83
10070.5   6855.06
14195.3   5717.75
19017.1   4864.78
25729.6   4036.95
31527.8   3508.06
36486.1   3197.58
44287.9   2862.79
51819.2   2623.53
59147.5   2437.24
64884.9   2314.75
+KVIDZALine
ID:Z=7 A=14
7	14
19
183.076   25551.1
342.272   24096.9
660.666   22259.9
1118.36   20622
1556.15   18631.9
2292.43   17147
3375.46   15183.5
5353.63   12893.6
8203.91   10749.2
11500.9   9095.41
14563.8   8095.88
20286.4   6714.41
25660.2   5910.05
29520   5421.57
36155.2   4847.73
45092.3   4198.01
50720.6   3867.68
57579.2   3617.45
64825.5   3367.22
+KVIDZALine
ID:Z=8 A=16
8	16
17
196.296   30669.1
496.192   28746
1230.72   25113.7
2295.57   21546
3873.52   18663.9
5621.7   16316.1
8811.51   13501.8
11185.8   12075.5
14617.4   10429.5
18792   8984.31
24209.8   7944.51
30011.9   7034.9
38346.7   6227.28
46189.9   5384.2
52320.2   5007.68
58513.4   4667.75
64601.6   4513.03
+KVIDZALine
ID:Z=9 A=18
9	18
12
199.21   37092.4
748.753   33206.5
1736.22   29261.8
3101.49   25375.9
5746.17   20665.8
7523.6   18546.2
10054.1   15896.7
14364.3   13423.9
19004.3   11834.2
23556.4   10774.5
32902.4   9302.54
37630.4   8654.89
+KVIDZALine
ID:Z=10 A=20
10	20
12
136.342   43333.3
686.108   39447.5
1807.63   34325.2
3178.16   29850.5
5821.99   25199.3
8966.75   21548.9
11725.4   19017.2
15423.3   16779.9
21573.6   14307.1
28085.8   13011.8
32816.9   12246.4
37798.4   11422.1
+KVIDZALine
ID:Z=11 A=22
11	22
7
200.374   50163
784.799   44864.1
2426.76   37916.7
4347.01   32558.9
8159.69   26906.7
11749.7   23668.5
16007.7   20548
+KVIDZALine
ID:Z=12 A=24
12	24
7
144.714   57817
589.991   52989.1
1508.37   47278.1
3178.16   40860.5
5933.31   34972.8
9050.24   30439.3
13363.9   26141.3
!
# ASCII file generated by KVIDZAFromZGrid::WriteToAsciiFile
# ID Graph Name : SI_CSI_0623
# This file can be read using KVIDZAFromZGrid::ReadFromAsciiFile
# 
++KVIDZAFromZGrid
<PARAMETER> IDTelescopes=SI_CSI_0623
<VARX> TotLight
<VARY> ADC
<PARAMETER> Runlist=1000-8000
<PARAMETER> PIDRANGE=1-5
<PARAMETER> PIDRANGE1=1:0.632498,0.721610,0.814898|2:0.820468,0.891479,0.933250|3:0.938819,0.990337,1.143498
<PARAMETER> PIDRANGE2=3:1.823253,1.881732,1.917934|4:1.922111,1.991729,2.137928
<PARAMETER> PIDRANGE3=6:2.743887,2.855000,2.908187|7:2.915149,2.985000,3.035000|8:3.046032,3.104511,3.169953
<PARAMETER> PIDRANGE4=7:3.547563,3.704901,3.845530|9:3.891479,3.981983,4.031983|10:4.036285,4.089195,4.182484
<PARAMETER> PIDRANGE5=10:4.745280,4.825000,4.881732|11:4.884517,4.975000,5.033500|12:5.040462,5.075000,5.165776
OnlyZId 0
+KVIDZALine
ID:Z=1 A=1
1	1
12
106.268   1056.36
176.741   935.162
273.177   816.621
368.376   724.718
482.121   630.152
660.157   526.262
892.589   438.355
1125.03   382.414
1392.08   327.805
1652.95   291.844
1823.57   274.528
2059.72   258.546
+KVIDZALine
ID:Z=2 A=4
2	4
27
88.6649   3100.21
148.818   2860.46
269.125   2527.81
449.586   2180.18
644.629   1898.47
870.66   1670.72
1138.62   1466.94
1464.9   1284.12
1809.42   1152.27
2155.76   1026.4
2523.97   927.504
3016.14   831.605
3702.14   730.113
4275.42   665.991
4914.76   601.867
6101.72   520.363
7074.29   458.714
8677.26   395.667
10300.5   347.842
11781.4   320.936
14381.6   292.776
16036.7   285.032
20425.4   282.501
24590.9   282.501
28354.4   289.751
34593   284.829
39631   306.159
+KVIDZALine
ID:Z=3 A=7
3	7
25
91.2405   6607.58
209.579   5897.12
403.38   5143.18
713.807   4360.25
1046.53   3794.78
1396.4   3381.56
1804.57   3004.59
2223.05   2729.11
2564.34   2526.12
2962.23   2352.14
3449.31   2170.9
4353.82   1881.8
5428.13   1650.85
6345.87   1480.37
7966.14   1286.67
9945.53   1104.49
11624.4   992.859
14155   865.855
17327   754.686
20807.6   670.452
24756   594.599
29646.6   519.25
34403.5   481.605
38540.7   444.833
53682.4   412.981
+KVIDZALine
ID:Z=4 A=9
4	9
19
98.4038   10267.9
216.888   9373.87
457.102   8191.84
782.02   7081.44
1247.17   6092.83
1724.83   5376.45
2220.53   4760.36
2987.97   4176
3564.75   3846.7
5041.17   3201.09
7041.54   2662.85
8807.98   2289.73
11207.1   1963.29
15049.4   1682.22
19077.2   1438.25
25503.1   1197.95
34602.8   936.514
38612.3   851.27
56952.5   779.136
+KVIDZALine
ID:Z=5 A=11
5	11
25
93.5041   14798
154.485   14017.2
273.543   13083.9
482.621   11788.7
685.889   10903.1
947.239   9998.3
1289.89   9122.19
1696.43   8303.19
2236.55   7436.57
2802.81   6741.37
3228.25   6335.44
4100.87   5652.75
4753.67   5283.44
5995.97   4683.25
7623.66   4079.97
9558.68   3581.69
12207.1   3093.92
13869.3   2884.43
16435.2   2567.36
21113.8   2242.27
25753   1984.22
28861.2   1817.05
35378.7   1580.73
38310.6   1521.16
56349   1262.2
+KVIDZALine
ID:Z=6 A=12
6	12
20
93.0886   19285.4
167.165   18131.2
389.394   16399.8
735.083   14624.1
1105.46   13218.3
1549.92   11916.1
2414.14   10140.4
3080.83   9163.74
4389.51   7802.36
5895.73   6648.13
8315.55   5553.1
11155.1   4724.43
15081.2   3925.36
18488.7   3407.44
21402.4   3111.48
25970.4   2785.93
30390.3   2549.17
34711.4   2371.6
37674.4   2268.01
55057.7   1898.07
+KVIDZALine
ID:Z=7 A=14
7	14
20
69.7853   24745.7
170.559   23339.9
346.913   21579
624.041   19995.7
875.975   18072
1329.46   16636.6
1959.29   14742.5
3118.19   12522.8
4806.15   10436.3
6720.85   8838.19
8509.58   7861.55
11885.5   6514.95
15034.7   5745.47
17302.1   5257.15
21207.1   4709.63
26447.3   4088.13
29747.6   3762.58
33753.4   3525.82
37734   3289.05
52698.9   2785.93
+KVIDZALine
ID:Z=8 A=16
8	16
17
117.549   29734.4
297.138   27869.9
737   24348.3
1374.67   20889.3
2319.6   18095.1
3366.48   15818.8
5276.65   13090.3
6698.46   11707.5
8753.43   10111.6
11253.3   8710.5
14497.7   7702.39
17972.2   6820.5
22400   5991.3
27660.2   5220.11
31331.2   4855.06
35039.9   4525.49
46228.6   3900.37
+KVIDZALine
ID:Z=9 A=18
9	18
12
119.294   35961.9
448.38   32194.5
1039.71   28370
1857.28   24602.5
3441.01   20036
4505.4   17981
6020.76   15412.2
8601.86   13014.8
11380.5   11473.5
14106.4   10446.1
19703.1   9019.03
22534.4   8391.12
+KVIDZALine
ID:Z=10 A=20
10	20
12
81.6465   42012.6
410.866   38245.3
1082.47   33279.1
1903.2   28940.7
3486.42   24431.3
5369.61   20892.2
7021.59   18437.6
9236.03   16268.5
12919.1   13871.1
16818.8   12615.2
19651.9   11873.2
22635.1   11074
+KVIDZALine
ID:Z=11 A=22
11	22
8
116.388   48867.8
542.453   43097.8
1228.31   37563.4
2246.71   33383.2
3514.52   29673.9
5405.83   25199.3
8024.57   21666.7
10778.4   19488.2
!
# ASCII file generated by KVIDZAFromZGrid::WriteToAsciiFile
# ID Graph Name : SI_CSI_0624
# This file can be read using KVIDZAFromZGrid::ReadFromAsciiFile
# 
++KVIDZAFromZGrid
<PARAMETER> IDTelescopes=SI_CSI_0624
<VARX> TotLight
<VARY> ADC
<PARAMETER> Runlist=1000-8000
<PARAMETER> PIDRANGE=1-4
<PARAMETER> PIDRANGE1=1:0.657561,0.735533,0.830214|2:0.835784,0.901225,0.944389|3:0.948566,1.008438,1.117043
<PARAMETER> PIDRANGE2=3:1.828947,1.878947,1.924896|4:1.929073,2.004261,2.124004
<PARAMETER> PIDRANGE3=6:2.791228,2.895000,2.934642|7:2.937427,3.015000,3.104511|8:3.111473,3.153244,3.235394
<PARAMETER> PIDRANGE4=7:3.597357,3.739710,3.863004|9:3.936718,4.038248,4.075800|10:4.081363,4.152295,4.219054
OnlyZId 0
+KVIDZALine
ID:Z=1 A=1
1	1
12
177.458   1089.57
295.141   964.559
456.179   842.292
615.154   747.5
805.097   649.961
1102.4   542.805
1490.54   452.135
1878.69   394.435
2324.64   338.11
2760.27   301.018
3045.19   283.158
3439.53   266.673
+KVIDZALine
ID:Z=2 A=4
2	4
26
148.062   3197.66
248.512   2950.38
449.414   2607.27
750.766   2248.71
1076.47   1958.15
1453.92   1723.24
1901.38   1513.05
2446.25   1324.49
3021.56   1188.49
3599.92   1058.66
4214.8   956.66
5036.67   857.747
6182.22   753.064
7139.54   686.926
8207.18   620.787
10189.3   536.721
11813.4   473.134
14490.2   408.105
17200.8   358.776
19673.8   331.025
24015.9   301.979
26779.8   293.992
34108.5   291.381
41064.4   291.381
47349.2   298.859
58828.4   293.265
+KVIDZALine
ID:Z=3 A=7
3	7
24
152.363   6815.29
349.977   6082.5
673.606   5304.86
1191.99   4497.31
1747.6   3914.07
2331.85   3487.86
3013.47   3099.04
3712.28   2814.9
4282.21   2605.53
4946.65   2426.08
5760.02   2239.14
7270.47   1940.95
9064.47   1702.74
10597   1526.91
13302.7   1327.12
16608.1   1139.21
19411.7   1024.07
23637.5   893.073
28934.4   778.41
34746.7   691.528
41340.2   613.29
49507.1   535.573
57450.6   496.744
64947.2   455.589
+KVIDZALine
ID:Z=4 A=9
4	9
18
164.325   10590.7
362.182   9668.54
763.318   8449.35
1305.9   7304.05
2082.66   6284.36
2880.3   5545.46
3708.07   4910
4989.63   4307.27
5952.8   3967.62
8418.28   3301.72
11758.7   2746.56
14708.5   2361.71
18714.8   2025.01
25131   1735.1
31857.1   1483.46
42587.8   1235.61
57783.4   965.953
64752.5   874.438
+KVIDZALine
ID:Z=5 A=11
5	11
24
156.143   15263.2
257.976   14457.8
456.791   13495.2
805.931   12159.3
1145.37   11245.8
1581.8   10312.6
2154   9408.95
2832.88   8564.2
3734.83   7670.34
4680.42   6953.29
5390.88   6534.59
6848.06   5830.44
7938.18   5449.52
10012.7   4830.47
12730.8   4208.22
15962.1   3694.28
20384.7   3191.18
23160.4   2975.1
27445.2   2648.07
35258   2312.76
43005.1   2046.59
48195.4   1874.17
59079.1   1630.42
64832   1558.23
+KVIDZALine
ID:Z=6 A=12
6	12
19
166.002   19902.3
318.899   18696.9
690.22   16909.5
1258.12   15070.2
1924.32   13625.7
2673.06   12279
4119.48   10456.2
5268.04   9448.11
7504.13   8038.83
10070.5   6855.06
14195.3   5717.75
19017.1   4864.78
25729.6   4036.95
31527.8   3508.06
36486.1   3197.58
44287.9   2862.79
51819.2   2623.53
59147.5   2437.24
64884.9   2314.75
+KVIDZALine
ID:Z=7 A=14
7	14
19
183.076   25551.1
342.272   24096.9
660.666   22259.9
1118.36   20622
1556.15   18631.9
2292.43   17147
3375.46   15183.5
5353.63   12893.6
8203.91   10749.2
11500.9   9095.41
14563.8   8095.88
20286.4   6714.41
25660.2   5910.05
29520   5421.57
36155.2   4847.73
45092.3   4198.01
50720.6   3867.68
57579.2   3617.45
64825.5   3367.22
+KVIDZALine
ID:Z=8 A=16
8	16
17
196.296   30669.1
496.192   28746
1230.72   25113.7
2295.57   21546
3873.52   18663.9
5621.7   16316.1
8811.51   13501.8
11185.8   12075.5
14617.4   10429.5
18792   8984.31
24209.8   7944.51
30011.9   7034.9
38346.7   6227.28
45649.9   5482.61
52320.2   5007.68
58513.4   4667.75
64601.6   4513.03
+KVIDZALine
ID:Z=9 A=18
9	18
12
199.21   37092.4
748.753   33206.5
1736.22   29261.8
3101.49   25375.9
5746.17   20665.8
7523.6   18546.2
10054.1   15896.7
14364.3   13423.9
19004.3   11834.2
23556.4   10774.5
32902.4   9302.54
37630.4   8654.89
+KVIDZALine
ID:Z=10 A=20
10	20
12
136.342   43333.3
686.108   39447.5
1807.63   34325.2
3178.16   29850.5
5821.99   25199.3
8966.75   21548.9
11725.4   19017.2
15423.3   16779.9
21573.6   14307.1
28085.8   13011.8
32816.9   12246.4
37798.4   11422.1
+KVIDZALine
ID:Z=11 A=22
11	22
7
200.374   50163
784.799   44864.1
2426.76   37916.7
4347.01   32558.9
8159.69   26906.7
11749.7   23668.5
16007.7   20548
!
# ASCII file generated by KVIDZAFromZGrid::WriteToAsciiFile
# ID Graph Name : SI_CSI_0801
# This file can be read using KVIDZAFromZGrid::ReadFromAsciiFile
# 
++KVIDZAFromZGrid
<PARAMETER> IDTelescopes=SI_CSI_0801
<VARX> TotLight
<VARY> ADC
<PARAMETER> Runlist=1000-8000
<PARAMETER> PIDRANGE=1-5
<PARAMETER> PIDRANGE1=1:0.660345,0.745280,0.834392|2:0.842746,0.892871,0.945781|3:0.951351,1.004261,1.171345
<PARAMETER> PIDRANGE2=3:1.841353,1.890086,1.922111|4:1.955000,2.005000,2.055000|6:2.188191,2.238191,2.288191
<PARAMETER> PIDRANGE3=6:2.729839,2.865000,2.915000|7:2.931800,2.995000,3.074409|8:3.082233,3.114205,3.206722
<PARAMETER> PIDRANGE4=7:3.841298,4.006940,4.125733|9:4.142184,4.255000,4.393608|10:4.410168,4.485000,4.539958
<PARAMETER> PIDRANGE5=10:4.855000,4.897902,4.955000|11:4.965000,5.009836,5.087571
OnlyZId 0
+KVIDZALine
ID:Z=1 A=1
1	1
15
223.873   888.028
421.408   795.358
618.944   718.593
843.415   647.563
1067.89   590.329
1310.32   540.086
1552.75   498.486
1828.1   458.236
2103.45   424.062
2459.61   387.446
2815.77   357.555
3249.75   327.726
3683.73   303.716
5048.52   252.756
6413.31   210.289
+KVIDZALine
ID:Z=2 A=4
2	4
57
142.165   2508.29
241.931   2375.78
341.696   2272.59
479.17   2164.69
616.643   2078.79
763.768   1993.47
910.892   1913.23
1106.41   1817.45
1301.94   1735.13
1532.64   1654.54
1763.35   1584.93
1987.82   1521.2
2212.29   1461.79
2497.27   1394.44
2782.24   1333.18
3029.62   1282.36
3277   1234.28
3505.36   1193.32
3733.71   1155.91
3995.6   1117.2
4257.48   1081.76
4535.69   1046.35
4813.9   1012.93
5134.96   976.883
5456.02   943.857
5924.46   901.337
6392.9   863.795
7036.88   817.041
7680.87   775.249
8536.94   726.708
9393.01   683.262
10295.1   640.497
11197.2   603.901
12009.1   578.448
12820.9   555.921
13539.5   535.002
14258   514.875
14923.8   498.848
15589.7   484.393
16251.5   470.308
16913.3   456.682
17810.4   439.55
18707.4   423.428
19795.9   404.528
20884.3   387.404
22477.4   367.378
24070.5   351.303
26026.6   333.513
27982.7   317.825
30069   304.216
32155.3   294.346
36942.3   285.325
41729.3   286.237
48954.4   286.929
56179.6   284.88
60118.8   283.388
64058.1   282.082
+KVIDZALine
ID:Z=3 A=7
3	7
28
158.477   5139.31
368.226   4808.21
756.65   4343.33
1207.22   3994.62
1589.62   3758.36
1993.29   3544.53
2532.25   3298.75
3296.95   3021.38
4373.37   2734.19
5017.82   2570.34
6020.28   2380.32
7086.45   2204.43
8185   2066.83
9316.83   1936.11
10899.5   1786.84
12862.1   1640.27
14221.4   1544.41
15358.8   1475.15
17480.4   1366.88
19897.3   1265.53
22754.2   1166.37
26591.1   1057.44
30535.1   971.847
37642.7   853.382
42232.1   783.126
49946   699.815
59822.6   611.603
64442.3   565.534
+KVIDZALine
ID:Z=4 A=9
4	9
20
105.633   7228
325.704   6764.76
559.925   6405.1
843.156   6012.94
1426.2   5499.33
2177.96   5011.61
3574.08   4363.17
5035.21   3901.08
6632.54   3454.8
8928.79   3005.82
12409.4   2549.94
16390.8   2216.56
20352.1   1946.75
23257   1803.79
27130.3   1647.85
32015.8   1478.9
37429.6   1361.94
46188.4   1193
54947.2   1063.04
63618   998.064
+KVIDZALine
ID:Z=5 A=11
5	11
20
105.633   11742
316.209   10924.3
554.729   10345.4
941.901   9649.66
1440.66   8982.17
2130.28   8350.1
2926.3   7749.66
4066.9   7115.51
5563.38   6452.74
7103.87   5893.92
9172.53   5348.11
11637.3   4828.28
14058.1   4451.41
17227.1   4048.54
20044   3710.66
24445.4   3305.15
31531.7   2876.21
40686.6   2434.35
52966.5   2005.5
64498.2   1836.56
+KVIDZALine
ID:Z=6 A=12
6	12
25
145.838   15279
350.283   14289.8
704.655   13315.5
1127.18   12491.1
1658.73   11783.3
2251.63   11172.1
2980.81   10552.9
3553.26   10111.6
4189.46   9633.19
4956.32   9164.48
5827.46   8689.18
6817.78   8212.98
7808.1   7805.68
9128.52   7342.58
10448.9   6946.66
11879.4   6570.52
13309.9   6245.33
14960.4   5930.02
16610.9   5658.12
18371.5   5393.24
20132   5153.91
23015   4823.67
25897.9   4556.33
32764.1   4058.74
47684.9   3152.18
+KVIDZALine
ID:Z=7 A=14
7	14
17
149.647   19084.1
567.781   17637.7
985.915   16593.7
1580.11   15595.5
2174.3   14894.6
3142.61   13842.8
4110.92   12893
5453.35   11885
6795.77   11147.4
8534.33   10394.2
10272.9   9774.21
13904   8697.7
17535.2   7865.68
20748.2   7311.27
24973.6   6778.26
31443.7   6060.22
38970.1   5306.29
+KVIDZALine
ID:Z=8 A=16
8	16
8
105.633   22754.6
941.901   20456.8
2746.48   17764.2
5035.21   15610.1
8116.2   13635.5
14322.2   11086.5
24313.4   8701.92
38970.1   6670.55
+KVIDZALine
ID:Z=9 A=18
9	18
8
237.676   26352.1
1294.01   24299.7
3142.61   21244
5695.42   18325.1
10625   15406.2
13618   14220.4
18327.5   12487.4
25633.8   10891.1
+KVIDZALine
ID:Z=10 A=20
10	20
7
325.704   30821.6
1866.2   27857.1
3978.87   24208.5
7191.9   20833.5
12033.5   17823.4
17271.1   15497.5
24225.4   13353.9
!
# ASCII file generated by KVIDZAFromZGrid::WriteToAsciiFile
# ID Graph Name : SI_CSI_0802
# This file can be read using KVIDZAFromZGrid::ReadFromAsciiFile
# 
++KVIDZAFromZGrid
<PARAMETER> IDTelescopes=SI_CSI_0802
<VARX> TotLight
<VARY> ADC
<PARAMETER> Runlist=1000-8000
<PARAMETER> PIDRANGE=1-7
<PARAMETER> PIDRANGE1=1:0.792778,0.866207,0.950125|2:0.954399,1.002574,1.046147|3:1.050182,1.094561,1.184423
<PARAMETER> PIDRANGE2=3:1.845000,1.904938,1.937450|4:1.943099,1.995000,2.098063|6:2.165860,2.216707,2.275626
<PARAMETER> PIDRANGE3=6:2.794592,2.855000,2.918079|7:2.927764,3.005000,3.081921|8:3.086764,3.119855,3.198951|9:3.211864,3.266747,3.316747
<PARAMETER> PIDRANGE4=7:3.903551,4.005000,4.103713|9:4.142454,4.245000,4.295000|10:4.286925,4.335000,4.394270
<PARAMETER> PIDRANGE5=8:4.595000,4.645000,4.695000|10:4.827684,4.885000,4.936408|11:4.944477,5.005000,5.088106|12:5.095000,5.138418,5.195000
<PARAMETER> PIDRANGE6=11:5.816384,5.885795,5.935835|12:5.945521,6.005000,6.073043|13:6.078692,6.136804,6.195000|14:6.205000,6.246570,6.305000
<PARAMETER> PIDRANGE7=13:6.834948,6.886379,6.919463|14:6.937215,7.005000,7.071429|15:7.077885,7.115000,7.165000
OnlyZId 0
+KVIDZALine
ID:Z=1 A=1
1	1
23
173.696   733.06
221.378   703.703
269.06   676.982
315.004   653.075
360.949   630.34
417.521   603.328
474.092   577.768
567.072   540.053
660.051   507.671
763.834   477.184
867.617   450.812
997.476   420.886
1127.33   393.358
1287.65   362.238
1447.96   335.577
1618.88   313.111
1789.8   294.236
2094.77   262.198
2399.74   232.513
2945.85   189.09
3491.95   156.245
4194.08   124.064
4896.22   96.468
+KVIDZALine
ID:Z=2 A=4
2	4
28
145.255   2477.92
270.475   2334.71
395.695   2213.53
520.915   2096.03
704.572   1963.83
871.532   1850
1113.62   1721.47
1364.06   1611.31
1631.2   1512.16
2006.86   1383.64
2516.09   1251.45
3117.14   1126.6
3860.12   1001.74
4619.79   898.926
5404.5   814.468
6189.21   748.371
7065.75   685.945
8117.6   623.52
9244.58   564.767
10254.7   528.046
11456.8   483.981
12734   447.26
14361.9   410.539
16315.3   373.818
19078.5   333.425
22968.7   296.704
29012.7   267.328
48914.3   241.623
+KVIDZALine
ID:Z=3 A=7
3	7
53
127.277   5215.81
211.491   4996.81
295.704   4830.53
392.55   4685.14
489.395   4567.12
586.241   4457.36
683.087   4350.89
826.25   4198.34
969.413   4056.03
1116.79   3925.08
1264.16   3808.35
1504.17   3641.26
1744.18   3493.84
2081.03   3306.2
2417.89   3140.01
2805.31   2975.96
3192.73   2833.88
3605.38   2697.99
4018.03   2574.4
4333.83   2486.87
4649.63   2405.35
5037.01   2313.9
5424.4   2232.37
5963.36   2134.61
6502.33   2047.59
7180.25   1942.96
7858.17   1847.08
8342.4   1786.54
8826.63   1729.14
9462.44   1653.66
10098.3   1583.68
10864.5   1514.69
11630.8   1457.47
12872   1374.38
14113.3   1301.09
15402   1235.07
16690.6   1174.02
17721.5   1125.72
18752.4   1081.17
19852.7   1041.56
20953.1   1007.87
22441.6   965.98
23930.1   924.787
25281.8   886.57
26633.5   851.481
28889   806.936
31144.5   767.25
33484   717.535
35823.4   668.09
40278.6   607.625
44733.8   583.411
54247.7   570.099
63761.7   465.044
+KVIDZALine
ID:Z=4 A=9
4	9
39
81.3701   7346.44
200.067   7064.84
318.763   6798.55
468.609   6493.22
618.455   6233.13
849.23   5930.85
1080.01   5703.62
1385.14   5438.73
1690.28   5194.58
2060.15   4921.16
2430.01   4677.83
2878.59   4429.01
3327.16   4216.05
3918.16   3963.67
4509.16   3739.36
5013.67   3570.63
5518.18   3421.56
6231.83   3239.92
6945.48   3083.65
7888.84   2901.6
8832.21   2741.42
9870.73   2585.72
10909.2   2448.33
12134.5   2305.36
13359.7   2176.88
14704.6   2047.02
16049.5   1932.84
17743.1   1817.15
19436.6   1724.53
21573   1624.72
23709.4   1534.67
26087.1   1439.08
28464.7   1351.61
32710.2   1226.48
36955.7   1134.12
41271.9   1063.23
45588.1   1010.79
53971   949.374
62353.8   921.188
+KVIDZALine
ID:Z=5 A=11
5	11
43
121.021   11975.7
171.446   11604.5
221.872   11305.8
322.723   10876.9
423.574   10591.1
558.829   10293.6
694.084   10035.5
854.244   9739.74
1014.4   9467.17
1252.06   9137.63
1489.71   8860.32
1806.67   8502.02
2123.63   8168
2577.46   7771.29
3031.29   7442.18
3629.63   7051.41
4227.98   6700.24
4822.3   6392.67
5416.62   6125.8
6061.78   5876.93
6706.93   5648.86
7398.48   5406.77
8090.03   5179.87
9084.13   4907.08
10078.2   4677.38
11231   4432.41
12383.8   4210.85
13424.7   4035.85
14465.5   3879.55
15826.3   3694.24
17187.1   3530.73
18907.1   3354.91
20627.1   3197.08
22586.6   3021.25
24546.1   2863.42
26603.6   2732.63
28661.1   2620.76
30961.2   2495.47
33261.4   2376.63
36983.1   2221.93
40704.8   2108.18
46505.9   1982.11
52307.1   1875.53
+KVIDZALine
ID:Z=6 A=12
6	12
27
239.049   14266.5
396.755   13852.5
554.461   13448.8
737.068   13007.4
919.676   12609
1129.44   12216.3
1339.2   11875.4
1652.31   11421.5
1965.41   11020.7
2360.55   10580
2755.7   10195.1
3238.76   9776.19
3721.83   9399.49
4503.74   8855.36
5285.65   8387.74
6236.91   7913.66
7188.18   7505.14
8319.12   7055.58
9450.05   6648.71
10781.2   6239.59
12112.4   5895.34
14067   5475.4
16021.6   5128.03
20396.9   4507.17
24772.2   4049.89
31397.8   3560.13
38023.5   3164.42
+KVIDZALine
ID:Z=7 A=14
7	14
18
127.33   19337.5
394.718   18261.1
654.401   17399.4
1004.97   16566.5
1559.79   15563.3
2160.56   14670.9
2952.6   13751.8
3809.82   12896.3
4690.54   12144.9
6036.09   11238.7
7185.92   10531.5
8580.39   9824.29
10195.1   9094.96
12201.1   8343.53
14560.4   7605.44
18102.2   6730.65
24151.8   5865.73
38939.9   4345.56
+KVIDZALine
ID:Z=8 A=16
8	16
11
163.7   22754.1
581.658   21352.4
1504.65   19118.3
2532.13   17497.5
4029.81   15613.8
6119.6   13861.6
8226.8   12547.4
11500.8   10970.4
16898.4   9225.32
22200.1   8076.49
31956.6   6515.13
+KVIDZALine
ID:Z=9 A=18
9	18
10
61.6192   28486.6
941.901   25456.1
2262.32   22425.7
4639.08   19067.5
7411.97   16119
10228.9   14235.1
13045.8   12842.7
17227.1   11122.7
23565.1   9648.44
31047.5   8419.86
+KVIDZALine
ID:Z=10 A=20
10	20
9
170.61   32804.5
1130.29   29610.7
2889.71   25848.1
5022.34   22785.5
7688.13   19941.7
10727.1   17447.9
14006   15347.9
18415.5   13416.1
23741.2   11778
+KVIDZALine
ID:Z=11 A=22
11	22
6
325.704   36267.6
1646.13   32336.2
4683.1   26684.7
8732.39   22098
14454.2   18002.8
22816.9   14562.8
!
# ASCII file generated by KVIDZAFromZGrid::WriteToAsciiFile
# ID Graph Name : SI_CSI_0803
# This file can be read using KVIDZAFromZGrid::ReadFromAsciiFile
# 
++KVIDZAFromZGrid
<PARAMETER> IDTelescopes=SI_CSI_0803
<VARX> TotLight
<VARY> ADC
<PARAMETER> Runlist=1000-8000
<PARAMETER> PIDRANGE=1-6
<PARAMETER> PIDRANGE1=1:0.695280,0.745280,0.824645|2:0.837176,0.892871,0.952546|3:0.955773,1.005000,1.082458
<PARAMETER> PIDRANGE2=3:1.835784,1.898441,1.927680|4:1.936035,2.005000,2.134383|6:2.160210,2.206215,2.258676
<PARAMETER> PIDRANGE3=6:2.763923,2.855000,2.919326|7:2.922111,2.995000,3.085535|8:3.095000,3.131961,3.213491
<PARAMETER> PIDRANGE4=7:3.886602,4.002086,4.135997|9:4.162031,4.244956,4.295000|10:4.298331,4.325000,4.381780|11:4.384562,4.425000,4.462448
<PARAMETER> PIDRANGE5=8:4.618574,4.660345,4.716040|10:4.803199,4.895000,4.944713|11:4.947942,5.005000,5.078581|12:5.088317,5.116626,5.174738
<PARAMETER> PIDRANGE6=11:5.826069,5.892252,5.940890|12:5.955000,6.005000,6.071627|13:6.085000,6.135000,6.185000|14:6.195410,6.235000,6.280150
OnlyZId 0
+KVIDZALine
ID:Z=1 A=1
1	1
14
204.441   911.223
326.756   832.594
475.282   760.517
763.596   666.163
1060.65   591.465
1375.17   527.251
1680.96   475.454
2065.38   424.359
2467.27   381.332
2851.69   346.405
3340.95   313.642
3838.95   287.433
4476.73   270.397
5516.41   246.871
+KVIDZALine
ID:Z=2 A=4
2	4
22
163.311   2504.45
256.929   2346.79
506.577   2142.02
870.647   1922.93
1432.35   1681.31
1890.04   1531.83
2337.33   1417.16
3186.11   1242.16
4114.1   1092.27
5204.97   966.897
6415.31   860.543
7593.38   774.572
8809.86   712.95
10183.6   644.201
11922.1   579.086
14054.6   518.094
16624.2   457.539
19502.1   408.676
23013.8   363.992
28252.9   315.685
42976.2   271.172
64762.3   256.202
+KVIDZALine
ID:Z=3 A=7
3	7
47
151.514   5171.61
229.578   5000.85
307.642   4870.34
404.822   4743.3
502.001   4630.79
604.734   4506.3
707.466   4385.4
899.049   4203.77
1090.63   4058.22
1326.64   3889.47
1562.65   3736.88
1865.29   3579.27
2167.93   3444.75
2492.79   3301.34
2817.65   3164.31
3286.7   2995.4
3755.74   2854.65
4274.17   2718.85
4792.61   2595.83
5381.44   2465.38
5970.28   2347.22
6680.72   2224.82
7391.16   2118.48
8275.2   1997.75
9183.27   1892.86
10188.1   1796.77
11193   1712.84
12340.3   1619.39
13487.7   1533.87
14659   1463.22
15720.5   1405.33
16738.3   1354.13
17756.2   1306.01
19315.8   1240.33
20875.5   1183.31
22328.4   1136.57
23781.3   1095.67
25741.9   1048.85
27702.5   1007.51
31042.7   940.24
34382.9   878.753
38019.3   821.894
41655.8   772.074
47525   697.675
53394.2   632.844
58264.5   589.818
64786.5   561.01
+KVIDZALine
ID:Z=4 A=9
4	9
25
198.207   7082.62
597.818   6426.59
997.429   5922.64
1636.81   5354.09
2276.19   4965.37
3075.41   4574.74
3874.63   4244.6
4841.69   3904.41
5808.75   3625.19
6998.24   3359.09
8187.73   3145.62
9517.25   2919.75
10780   2734.82
12208.9   2569.36
13497.3   2442.69
14999.8   2305.7
16502.3   2183.66
19007.9   2006.29
21580   1858.85
24981.7   1698.36
28449.9   1573.36
36526.9   1351.89
44603.9   1197.09
54703.2   1055.72
64802.6   922.515
+KVIDZALine
ID:Z=5 A=11
5	11
47
129.32   11506.9
244.584   11104.5
359.847   10785.3
511.383   10455.8
662.92   10184
856.251   9861.61
1049.58   9561.53
1281.58   9240.19
1513.58   8963.62
1778.8   8698.04
2044.02   8461.2
2325.65   8216.15
2607.29   7988.95
2960.81   7748.53
3314.33   7538.47
3737.71   7295.37
4161.08   7063.29
4636.53   6825.03
5111.97   6607.77
5739.56   6345.16
6367.14   6105.77
7108.84   5849.3
7850.53   5622.37
8782.4   5378.59
9714.27   5166.85
10741.2   4953.41
11768.2   4757.82
13080.4   4533.11
14392.6   4330.19
15780.9   4131.84
17169.2   3949.04
18747.7   3760.86
20326.2   3595.79
22056.8   3441.96
23787.4   3307.6
25784.3   3165.43
27781.1   3038.01
30120.3   2909.98
32459.5   2796.31
35236.1   2668.91
38012.7   2554.61
41949.4   2424.15
45886   2312.91
49480.4   2210.69
53074.7   2108.39
58818.1   1957.16
64561.5   1838.8
+KVIDZALine
ID:Z=6 A=12
6	12
21
173.891   14514.3
403.075   13784.5
592.019   13254
939.818   12579.7
1332.96   11990.3
1952.65   11277.2
2673.52   10585.7
3316.09   10008.4
4047.31   9529.17
4888.21   9003.17
5982.91   8462.13
7416.03   7862.97
9014.87   7286.08
10814.3   6781.38
13207.6   6220.6
15864   5702.03
19010.3   5240.48
22800.7   4779.02
30665.1   4014.55
44190.9   3254.26
62046.6   2539.5
+KVIDZALine
ID:Z=7 A=14
7	14
16
90.7742   19050.1
477.57   17834.1
903.685   16785.7
1426.28   15772.3
1989.07   14881.2
2777.95   13921.7
3645.29   13168.8
4630.83   12486.5
6194.23   11657.1
7844.44   10855.8
9820.69   10057.6
12222   9216.74
15900.7   8124.45
21100.4   6995.9
28457.9   5946.36
40070.4   4788.69
+KVIDZALine
ID:Z=8 A=16
8	16
10
220.282   22379.1
1205.99   19951.3
2438.38   17936
4370.07   15873.3
7428.39   13825.7
12130.4   11534.3
17980.9   9671.94
24221.7   8301.61
31927.8   7139.84
39762.3   6132.2
+KVIDZALine
ID:Z=9 A=18
9	18
9
413.732   26668.9
1646.13   23885.8
3450.7   21342.8
6135.56   18559.8
8820.42   16352.5
12517.6   14193.3
16654.9   12370
21804.6   10882.5
31575.7   9011.17
+KVIDZALine
ID:Z=10 A=20
10	20
8
369.718   31371.2
1602.11   28684.1
3582.75   25469.3
5827.46   22830.2
9040.49   19855.3
13133.8   16736.4
18591.5   14049.4
25941.9   11890.1
!
# ASCII file generated by KVIDZAFromZGrid::WriteToAsciiFile
# ID Graph Name : SI_CSI_0804
# This file can be read using KVIDZAFromZGrid::ReadFromAsciiFile
# 
++KVIDZAFromZGrid
<PARAMETER> IDTelescopes=SI_CSI_0804
<VARX> TotLight
<VARY> ADC
<PARAMETER> Runlist=1000-8000
<PARAMETER> PIDRANGE=1-7
<PARAMETER> PIDRANGE1=1:0.654776,0.745280,0.844138|2:0.849708,0.895656,0.961097|3:0.965274,0.998691,1.132195
<PARAMETER> PIDRANGE2=3:1.849262,1.904010,1.935000|4:1.941604,1.995000,2.134907|6:2.155079,2.222863,2.256750
<PARAMETER> PIDRANGE3=6:2.760596,2.855000,2.927680|7:2.934642,2.995000,3.079449|8:3.089195,3.128182,3.222863
<PARAMETER> PIDRANGE4=7:3.902518,4.007045,4.134100|9:4.150238,4.249318,4.286912|10:4.292481,4.328683,4.403607
<PARAMETER> PIDRANGE5=8:4.608828,4.644307,4.701991|10:4.817191,4.895000,4.936035|11:4.942996,5.005000,5.088378
<PARAMETER> PIDRANGE6=11:5.770125,5.851975,5.901975|12:5.937450,6.012615,6.055000|13:6.060501,6.137928,6.180111|14:6.189791,6.231460,6.288011
<PARAMETER> PIDRANGE7=13:6.836648,6.886648,6.929952|14:6.946091,7.006259,7.047215|15:7.052865,7.089992,7.131961
OnlyZId 0
+KVIDZALine
ID:Z=1 A=1
1	1
25
151.207   868.807
226.857   821.122
302.506   777.51
390.534   731.304
478.562   689.325
577.594   646.627
676.626   609.441
789.412   574.281
902.198   544.08
1030.15   512.277
1158.1   482.733
1323.12   448.486
1488.14   418.547
1663.78   391.056
1839.42   367.056
2015.48   345.542
2191.54   326.594
2377.48   309.637
2563.42   295.989
2773.11   284.364
2982.81   274.98
3321.77   260.666
3660.73   247.168
4235.95   227.843
4815.27   213.404
+KVIDZALine
ID:Z=2 A=4
2	4
36
156.221   2393.73
247.454   2253.86
366.256   2124.86
531.419   1988.48
759.8   1829.85
1043.84   1673.33
1276.2   1572.46
1566.73   1458.61
1881.8   1358.69
2286.5   1249.92
2643.87   1168.87
3067.61   1087.38
3547.92   1003.01
4107.75   927.697
4698.86   857.668
5282.63   799.936
5957.77   742.807
6682.17   689.364
7603.84   633.578
8530.68   591.192
9373.88   552.492
9822.91   533.375
10499.6   509.295
11309.7   483.208
12057.6   460.406
12929.7   437.308
13788.7   414.211
14616.9   395.316
15515.5   375.249
16568.5   355.182
17686.8   338.4
19143.4   322.182
20720.5   307.767
22167.7   297.567
26174.7   272.106
38061.6   248.025
+KVIDZALine
ID:Z=3 A=7
3	7
29
145.51   5068.07
237.881   4786.52
388.028   4530.42
630.546   4198.68
1031.95   3815.45
1450.09   3500.87
2043.84   3157.69
2737.94   2848.82
3557.57   2574.86
4594.45   2304.47
5829.87   2056.17
6699.74   1920.21
7797.36   1772.53
8884.51   1646.7
10050.7   1526.99
10867.3   1449.94
12252.8   1359.98
13756   1270.71
15465.2   1173.48
17577.7   1082.84
19566   1014.86
21394.5   955.943
23755.6   892.494
26778.2   819.402
30861.3   765.017
34465   715.164
40234.5   645.184
48243.9   565.108
63184.6   463.103
+KVIDZALine
ID:Z=4 A=9
4	9
25
196.006   6849.23
371.534   6441.09
664.081   5958.75
1059.02   5501.15
1468.59   5142.49
1965.92   4746.72
2521.75   4375.69
3282.38   4029.39
4028.61   3724
4939.7   3412.82
6088.47   3124.4
7348.78   2842.1
8722.71   2608.29
10420.5   2372.12
11912.5   2211.34
13497.7   2069.84
15234.3   1930.74
17345.6   1777.73
20086.8   1596.9
22530   1500.33
25545.7   1398.44
29463   1291.89
34710.8   1175.41
41258.8   1062.28
60318.2   886.13
+KVIDZALine
ID:Z=5 A=11
5	11
25
165.952   10939
295.265   10522.9
489.236   10011.4
780.191   9482.68
1114.25   8927.91
1448.31   8494.49
1836.25   8009.07
2299.62   7575.65
2676.79   7254.93
3215.59   6934.2
4013.03   6466.11
4832.01   6058.7
5844.96   5633.95
6836.37   5261.22
8095.36   4910.21
9388.82   4578.44
11303.1   4205.2
13596.9   3831.95
15550.5   3561.13
17893.4   3298.89
20184.9   3085.47
24048.1   2795.17
29769.2   2485.97
37447.1   2183.59
57852.1   1708.56
+KVIDZALine
ID:Z=6 A=12
6	12
16
177.195   13957.3
405.833   13145.1
734.501   12316.6
1163.2   11585.6
1706.21   10822.1
2377.84   10074.9
3035.18   9473.81
3892.57   8807.78
5264.4   7979.31
6950.61   7248.31
9036.94   6582.28
11852   5737.57
15961.6   4941.92
23873.2   3965.69
33820.4   3308.55
48037   2622.84
+KVIDZALine
ID:Z=7 A=14
7	14
17
220.064   18680.8
448.703   17527.5
834.53   16292.9
1254.41   15409.7
1778.59   14472.3
2492.16   13563.8
3387.28   12648.1
4392.72   11809.4
5429.77   11001.2
6532.35   10291.8
7924.13   9557.1
9370.14   8949.03
11647.6   8112.94
14190.1   7352.29
17558.2   6567.45
23829.2   5673.82
32852.1   4836.84
+KVIDZALine
ID:Z=8 A=16
8	16
11
177.413   22428.2
567.877   20577.7
1209.35   18819.7
2060.01   17293
3175.62   15766.4
4263.34   14656.1
5908.86   13083.1
8380.28   11532.6
11945.4   10097.3
17975.4   8537.16
25897.9   7215.61
+KVIDZALine
ID:Z=9 A=18
9	18
6
501.76   25508.4
2834.51   20386.6
4947.18   17597.1
8380.28   14670.3
13089.8   12612.5
20000   10554.6
!
# ASCII file generated by KVIDZAFromZGrid::WriteToAsciiFile
# ID Graph Name : SI_CSI_0805
# This file can be read using KVIDZAFromZGrid::ReadFromAsciiFile
# 
++KVIDZAFromZGrid
<PARAMETER> IDTelescopes=SI_CSI_0805
<VARX> TotLight
<VARY> ADC
<PARAMETER> Runlist=1000-8000
<PARAMETER> PIDRANGE=1-5
<PARAMETER> PIDRANGE1=1:0.689710,0.739710,0.822034|2:0.831719,0.892871,0.949556|3:0.955000,1.005000,1.085149
<PARAMETER> PIDRANGE2=3:1.835000,1.885000,1.935000|4:1.939064,2.005000,2.083535|6:2.145000,2.195000,2.245000
<PARAMETER> PIDRANGE3=6:2.801856,2.865000,2.923729|7:2.935028,3.005000,3.086492|8:3.099403,3.137611,3.205000
<PARAMETER> PIDRANGE4=7:3.887186,4.015000,4.119576|9:4.135714,4.245000,4.297417|10:4.292575,4.335000,4.404414
<PARAMETER> PIDRANGE5=10:4.825000,4.875000,4.925000|11:4.955000,5.005000,5.055000|12:5.103753,5.153753,5.203753
OnlyZId 0
+KVIDZALine
ID:Z=1 A=1
1	1
10
141.69   907.292
270.835   826.888
418.429   746.484
580.782   680.892
754.205   621.647
949.767   560.286
1152.71   513.737
1355.65   475.651
1602.87   448.145
2030.89   416.406
+KVIDZALine
ID:Z=2 A=4
2	4
77
138.432   2438.07
181.951   2392.58
225.469   2345.85
268.988   2299.78
312.507   2256.28
389.183   2188.31
465.86   2124.55
538.391   2062.46
610.923   2005.99
685.527   1961.02
760.131   1921.68
830.59   1881.59
901.049   1840.01
965.291   1803.47
1029.53   1768.87
1120.72   1723.3
1211.9   1681.93
1301.01   1645.28
1390.12   1610.79
1497.88   1570.15
1605.64   1531.76
1711.33   1497.21
1817.02   1463.26
1926.85   1426.5
2036.69   1392.12
2144.45   1363.95
2252.21   1336.79
2384.84   1298.93
2517.47   1263.03
2679.11   1231.45
2840.75   1205.06
3039.69   1166.4
3238.64   1126.03
3369.19   1102.61
3499.75   1081.24
3717.35   1047.38
3934.94   1015.37
4179.47   981.609
4424.01   949.506
4726.57   911.624
5029.13   878.371
5209.42   861.818
5389.72   846.755
5596.95   829.78
5804.18   812.505
6014.99   794.459
6225.81   776.98
6538.73   753.8
6851.65   732.192
7098.26   714.911
7344.87   697.942
7624.63   680.052
7904.39   663.692
8165.51   649.752
8426.62   637.346
8658.72   627.719
8890.82   618.903
9126.54   610.073
9362.27   600.535
9716.52   584.078
10070.8   567.8
10445.7   553.686
10820.7   541.017
11208.5   527.239
11596.4   514.234
12017.9   502.921
12439.4   493.403
12941.1   482.485
13442.7   472.571
13732.5   467.731
14022.3   463.644
14472.3   458.684
14922.2   454.716
20405.5   416.872
25888.9   392.899
43433   371.453
64806.3   288.317
+KVIDZALine
ID:Z=3 A=7
3	7
53
134.533   5138.03
218.411   4959.47
302.289   4801.91
386.578   4664.2
470.867   4546.59
561.067   4440.48
651.267   4344.65
770.986   4219.27
890.704   4102.58
1024.92   3991.47
1159.13   3890.79
1333.04   3758.96
1506.95   3635.58
1694.55   3524.84
1882.15   3424.9
2047.02   3334.81
2211.89   3248.15
2442.71   3144.1
2673.52   3051
2878.67   2968.19
3083.81   2887.66
3354.14   2791.5
3624.47   2706.16
3886.67   2631.58
4148.87   2562.7
4474.04   2482.55
4799.21   2408.5
5162.1   2333.35
5525   2262.71
5932.79   2184.94
6340.58   2110.85
6858.09   2025.89
7375.6   1949.71
8002.1   1866.37
8628.61   1793.35
9230.18   1733.4
9831.75   1680.26
10720   1607.97
11608.2   1542.66
12537.4   1482.26
13466.6   1427.99
14961.8   1348.73
16457.1   1278.42
17759.8   1223.37
19062.6   1169.28
20443.5   1109.4
21824.4   1053.86
23955.4   990.485
26206   939.448
29198.9   875.357
32223.8   829.097
40696.7   702.133
64234.2   542.084
+KVIDZALine
ID:Z=4 A=9
4	9
45
197.218   7148.86
258.849   6936.12
320.48   6756.18
416.862   6529.98
513.244   6356.26
675.476   6139.69
837.708   5968.63
1051.59   5744.28
1265.48   5526.47
1573.63   5256.64
1881.79   5030.45
2251.57   4794.4
2621.36   4586.1
3086.39   4352.44
3551.41   4143.02
4009.16   3955.8
4466.91   3789.07
5000.09   3622.01
5533.27   3473.73
6138.52   3315.4
6743.77   3170.38
7427.84   3027.5
8111.9   2899.82
8813.07   2776.45
9514.24   2662.01
10426.4   2530.68
11338.6   2417.44
12157   2328.71
12975.3   2250.68
13749.1   2185.11
14522.9   2123.7
15452.7   2050.86
16382.5   1979.79
17534.5   1896.99
18686.4   1822.33
19937.4   1751.81
21188.4   1688.59
22971   1604.61
24753.5   1531.03
27086.3   1455.72
29419   1395.21
32808.1   1314.04
36197.2   1237.65
49401.4   1020.33
63001.8   868.982
+KVIDZALine
ID:Z=5 A=11
5	11
26
122.526   11414.4
221.338   11019.2
388.741   10611.8
636.347   10102.6
995.637   9487.38
1405.68   8935.55
1791.16   8487.92
2258.64   8044.97
2784.67   7603.11
3439.62   7159.09
4136.73   6772.93
4989.67   6375.42
5842.6   6011.98
6930   5613.95
7999.54   5251.02
9255.44   4917.07
10563.5   4636.4
11860.1   4388.72
13356.7   4150.01
15179.1   3913.36
17736.4   3622.92
20525   3359.56
24404.4   3036.52
33197.7   2543.33
43767.6   2125.36
60360.9   1670.45
+KVIDZALine
ID:Z=6 A=12
6	12
31
138.945   14436.3
280.006   13901.6
421.068   13470.8
611.795   13013.7
802.523   12650.5
1150.97   12095.9
1499.41   11622.7
1946.89   11074.8
2394.37   10584.9
2981.3   10030.5
3568.23   9557.75
4196.44   9118.96
4824.65   8737.06
5546.48   8355.19
6268.31   8017.85
7110.52   7659.66
7952.73   7324.93
9046.76   6912.91
10140.8   6547.14
11289   6232.02
12437.1   5955.83
13677.3   5665.17
14917.5   5402.5
16426   5153.43
17934.5   4957.43
20353.7   4681.91
22772.9   4436.33
27504.4   4024.24
32235.9   3690.27
40510.6   3257.69
48785.2   2962.41
+KVIDZALine
ID:Z=7 A=14
7	14
25
158.327   19332
227.165   18839.9
296.003   18443
446.587   17819.9
597.17   17381.1
855.315   16687.8
1113.46   16047.6
1539.39   15202.4
1965.33   14565.9
2576.26   13858.4
3187.2   13281.8
3849.76   12706
4512.33   12170.6
5475.66   11479.1
6439   10886.5
7756.23   10213.9
9073.45   9651.75
10416.3   9142.91
11759.2   8688.67
14134.2   8010.96
16509.3   7461.37
19861.2   6837.29
23213   6348.57
27196.3   5891.02
31179.6   5506.59
+KVIDZALine
ID:Z=8 A=16
8	16
16
140.939   22452.2
537.33   21082.8
1087.87   19850.3
1836.61   18515
2673.44   17282.5
3796.54   16152.7
5404.13   14783.3
7011.71   13653.5
8487.17   12660.6
10248.9   11667.8
11922.6   10811.9
13838.4   10058.7
16172.7   9339.69
20048.6   8449.54
24093.3   7737.85
29683.1   7064.26
+KVIDZALine
ID:Z=9 A=18
9	18
13
105.633   27019.3
699.823   25408.4
1294.01   24114.5
2240.32   22534
3186.62   21293.8
4507.04   19733.1
5827.46   18346.9
7632.04   16798.2
9436.62   15526.2
11307.2   14348.7
13177.8   13295
16192.8   11890.1
19207.7   10895.3
+KVIDZALine
ID:Z=10 A=20
10	20
6
369.718   30808.3
1514.08   27819.2
3978.87   24114.5
7411.97   20325.5
11989.4   17126
16302.8   14557.9
!
# ASCII file generated by KVIDZAFromZGrid::WriteToAsciiFile
# ID Graph Name : SI_CSI_0807
# This file can be read using KVIDZAFromZGrid::ReadFromAsciiFile
# 
++KVIDZAFromZGrid
<PARAMETER> IDTelescopes=SI_CSI_0807
<VARX> TotLight
<VARY> ADC
<PARAMETER> Runlist=1000-8000
<PARAMETER> PIDRANGE=1-5
<PARAMETER> PIDRANGE1=1:0.653383,0.735533,0.830214|2:0.841353,0.896384,0.953408|3:0.956259,1.006259,1.105007
<PARAMETER> PIDRANGE2=3:1.836579,1.896384,1.925591|4:1.928373,2.005000,2.130065|6:2.142169,2.182514,2.255943
<PARAMETER> PIDRANGE3=6:2.764256,2.889430,2.926725|7:2.932545,3.005000,3.071161|8:3.074389,3.115000,3.165000
<PARAMETER> PIDRANGE4=7:3.595238,3.735674,3.861613|9:3.899516,4.006053,4.071429|10:4.080307,4.102098,4.183321
<PARAMETER> PIDRANGE5=10:4.852492,4.908187,4.948566|11:4.942996,5.005000,5.055000
OnlyZId 0
+KVIDZALine
ID:Z=1 A=1
1	1
23
183.85   854.329
247.839   798.17
311.828   754.252
382.324   715.675
452.82   682.656
560.188   635.154
667.557   590.66
772.773   551.345
877.989   517.627
1008.26   484.326
1138.52   456.28
1258.77   431.386
1379.02   408.079
1553.12   379.387
1727.23   355.403
1848.9   340.415
1970.58   326.791
2153.28   308.847
2335.98   292.688
2631.58   267.623
2927.19   244.487
3132.61   230.296
3338.03   218.196
+KVIDZALine
ID:Z=2 A=4
2	4
44
175.285   2396.7
204.486   2307.95
263.04   2216.7
341.658   2124.34
470.229   1995.08
645.889   1856.89
808.037   1749.99
971.103   1650.87
1156.89   1555.86
1359.31   1468.77
1622.92   1370.68
1891.89   1280.42
2171.95   1202.83
2449.24   1133.15
2705.24   1078.03
2951.14   1031.81
3258.93   976.387
3543   932.022
3849.28   887.697
4160.06   851.195
4515.89   809.478
4946.54   766.821
5388.35   725.705
5849.55   692.113
6234.05   664.153
6589.32   640.966
7115.61   612.504
7634.98   582.144
8192.43   547.99
8725.65   521.425
9317.72   502.45
9968.8   480.849
10809.9   453.165
11569.1   431.87
12108.2   419.093
12849.4   400.858
13775.5   376.969
14529.3   360.247
15482.4   348.302
17211.2   323.015
19274.9   299.413
21747.1   296.041
27005.9   271.497
60613.6   253.841
+KVIDZALine
ID:Z=3 A=7
3	7
25
173.592   4904.09
253.367   4725.7
368.244   4514.88
505.458   4287.84
684.155   4036.47
968.156   3744.56
1360.65   3420.22
1845.69   3112.09
2365.82   2844.5
2993.65   2605.29
3856.71   2352.58
4822.82   2114.45
5956.38   1890.91
7843.79   1628.71
9249.12   1471.13
11089.1   1331.72
14131.6   1143.83
17434.8   1004.43
20421.5   905.845
22897.4   831.109
27277   748.658
32499.5   641.471
35811.8   600.245
41565.7   559.02
47228   517.794
+KVIDZALine
ID:Z=4 A=9
4	9
28
131.831   7855.5
287.465   7336.98
452.253   6964.3
662.817   6591.62
883.785   6261.34
1148.03   5943.48
1458.17   5596.85
1810.46   5270.43
2228.31   4938.85
2599.28   4710.85
3081.76   4442.72
3748.03   4128.67
4343.1   3901.82
5042.32   3667.65
5990.99   3367.11
6970.56   3107.85
7780.1   2920.68
8863.4   2715.26
9730.04   2565.86
10714.9   2416.47
11676.2   2297.67
12822.4   2177.64
14358.7   2041.76
16584.4   1890.78
19282.7   1739.8
27696.3   1423.01
34695.2   1236.53
40848.8   1137.35
+KVIDZALine
ID:Z=5 A=11
5	11
13
156.463   11022.7
461.26   10020.5
959.096   9018.29
1436.61   8292.06
2071   7608.87
3030.09   6751.05
4433.79   5895.52
6118.71   5185.53
8638.37   4434.93
11759.2   3809.66
16582.6   3219.32
26334.5   2505.55
35595   2013.43
+KVIDZALine
ID:Z=6 A=12
6	12
18
152.805   14106.9
347.875   13377.7
575.458   12648.6
884.319   11919.4
1372   11061.6
2005.97   10160.9
2688.72   9367.4
3664.07   8488.14
4964.54   7630.32
6167.48   7008.4
7500.46   6429.37
9109.79   5914.68
10751.6   5442.87
12572.3   5013.96
15563   4526.24
20793.6   3898.06
25884.3   3390.62
33912   2790.47
+KVIDZALine
ID:Z=7 A=14
7	14
33
171.972   18606.2
279.454   18057.4
386.937   17572.1
520.476   17047.7
654.014   16598.8
820.123   16125.5
986.232   15716.8
1233.29   15175.1
1480.34   14701.3
1758.71   14240.6
2037.08   13826.5
2315.44   13430.8
2593.81   13061.1
2975.68   12613.5
3357.54   12208.2
3825.05   11730.7
4292.56   11289.7
4695.84   10955.9
5099.11   10655.6
5480.98   10388.7
5862.84   10130.7
6444.56   9746.98
7026.27   9387.17
7636.53   9050.7
8246.8   8752.98
9053.35   8405.92
9859.9   8096.92
11122.7   7661.88
12385.6   7281.27
14212.1   6821.52
16038.7   6443.01
20110   5726.9
24577.5   5102.75
+KVIDZALine
ID:Z=8 A=16
8	16
12
145.915   22529.6
484.648   20948.1
894.307   19433.7
1403.13   18150
2021.97   16933.4
2696.61   15852.4
3538.73   14864.2
4595.07   13816.8
5871.48   12811.3
7969.33   11398
11197.2   9894.15
16831   8092.24
+KVIDZALine
ID:Z=9 A=18
9	18
9
152.853   28013.2
438.028   25927.4
951.342   23920.3
1727.02   21873.8
2753.65   19866.6
4099.67   18174.4
5833.53   16364
8468.31   14398.9
12781.7   12515.1
+KVIDZALine
ID:Z=10 A=20
10	20
5
193.661   30370.5
1338.03   27585.7
2922.53   24391.4
5211.27   21524.7
8908.45   18739.9
!
# ASCII file generated by KVIDZAFromZGrid::WriteToAsciiFile
# ID Graph Name : SI_CSI_0808
# This file can be read using KVIDZAFromZGrid::ReadFromAsciiFile
# 
++KVIDZAFromZGrid
<PARAMETER> IDTelescopes=SI_CSI_0808
<VARX> TotLight
<VARY> ADC
<PARAMETER> Runlist=1000-8000
<PARAMETER> PIDRANGE=1-7
<PARAMETER> PIDRANGE1=1:0.657561,0.742495,0.831607|2:0.838569,0.895656,0.953098|3:0.944389,0.998211,1.109489
<PARAMETER> PIDRANGE2=3:1.845000,1.895000,1.932373|4:1.935601,2.005000,2.098942|6:2.139321,2.199192,2.247925
<PARAMETER> PIDRANGE3=6:2.752242,2.865000,2.926288|7:2.930465,3.005000,3.085018|8:3.095000,3.129574,3.195000
<PARAMETER> PIDRANGE4=7:3.902744,4.007045,4.101727|9:4.164245,4.246533,4.285798|10:4.289026,4.330075,4.387162
<PARAMETER> PIDRANGE5=8:4.583172,4.633172,4.683212|10:4.823253,4.895000,4.936035|11:4.945781,5.005000,5.076664|12:5.083626,5.135000,5.195015
<PARAMETER> PIDRANGE6=11:5.805000,5.861582,5.910972|12:5.923503,6.005000,6.071429|13:6.085149,6.135000,6.185000|14:6.190838,6.235000,6.296658
<PARAMETER> PIDRANGE7=13:6.880340,6.925000,6.963882|14:6.972236,7.005000,7.026539|15:7.015779,7.065779,7.115779
OnlyZId 0
+KVIDZALine
ID:Z=1 A=1
1	1
21
170.113   844.601
239.306   791.125
308.499   742.706
383.136   695.828
457.773   654.166
557.289   605.933
656.805   564.343
761.196   526.094
865.587   493.228
982.525   462.547
1099.46   435.73
1224.98   408.464
1350.49   383.415
1486.59   359.994
1622.69   339.787
1785.14   318.704
1947.58   301.291
2123.2   287.111
2298.82   276.911
2852.01   257.384
3132.99   249.964
+KVIDZALine
ID:Z=2 A=4
2	4
33
149.07   2408.27
204.418   2293.9
304.043   2165.96
407.359   2059.35
536.504   1933.35
717.306   1787.97
898.109   1667.79
1129.14   1540.4
1394.65   1418.39
1659.34   1312.52
1995.55   1204.12
2326.28   1111.87
2664.67   1025.85
3048.3   951.171
3449.04   883.878
3830.18   826.544
4167.13   785.591
4493.03   750.099
4874.17   714.607
5277.95   677.946
5666.56   648.952
6135.4   611.93
6928.45   565.081
8363.49   489.4
9931.38   435.788
11599.6   387.696
13204.2   354.401
14936.1   321.107
16933   302.11
19406   289.661
22524.7   286.51
34485.4   265.201
52264   233.528
+KVIDZALine
ID:Z=3 A=7
3	7
27
142.922   5047.47
297.617   4696.77
452.311   4412.25
643.277   4131.77
834.243   3905.14
1124.9   3617.57
1415.56   3377.95
1875.46   3064.7
2335.37   2815.33
3032.49   2527.73
3729.6   2308.46
4611.34   2073.82
5493.07   1876.73
6393.99   1713.38
7294.91   1582.04
8428.41   1451.22
9561.91   1349.36
10673.5   1269.19
11785.2   1202.51
13362.2   1122
14939.3   1051.52
17414   950.882
19888.8   863.483
26459.5   706.729
33030.3   634.667
46782   599.536
60533.6   449.316
+KVIDZALine
ID:Z=4 A=9
4	9
49
79.2075   7215.79
187.218   6907.51
295.229   6643.1
430.242   6358.55
565.255   6106.22
727.271   5826.26
889.287   5581.26
1114.31   5314.62
1339.33   5092.09
1582.35   4852.19
1825.38   4626.79
2131.4   4395.21
2437.42   4205.95
2764.82   4023.66
3092.22   3854.65
3462.86   3676.57
3833.5   3513.1
4256.94   3345.93
4680.38   3201.38
5233.07   3045.33
5785.77   2908.74
6352.82   2771.96
6919.88   2646.27
7495.93   2539.33
8071.99   2443.44
8789.37   2324.52
9506.75   2215.08
10297.8   2117.3
11088.8   2032.43
11866.6   1949.22
12644.4   1870.76
13644.1   1786.36
14643.7   1715.68
15822.1   1640.3
17000.4   1569.56
18044.7   1509.34
19089.1   1453.18
20142.2   1402.61
21195.3   1357.73
22473.4   1309
23751.5   1262.29
24885.6   1219.76
26019.7   1178.77
29439.5   1082.66
32859.2   1017.15
36648.7   961.842
40438.1   918.114
47315.1   856.178
54192.2   797.708
+KVIDZALine
ID:Z=5 A=11
5	11
18
144.413   11329.2
284.416   10724.7
497.415   10065.5
773.06   9454.22
1182.38   8677.52
1859.32   7807.77
2423.43   7203.19
3391.69   6493.81
4409.11   5866.74
5703.36   5259.3
7168.33   4748.96
9560.18   4101.95
11998.9   3625.07
15160.3   3205.58
18495.7   2871.57
22579.9   2585.19
28514.4   2245.77
46324   1569.94
+KVIDZALine
ID:Z=6 A=12
6	12
18
139.061   14265.4
420.113   13310.8
669.937   12576.5
950.989   11891.2
1315.32   11254.8
1856.6   10398.1
2616.48   9541.48
3657.41   8611.39
4698.35   7877.11
5812.15   7216.26
6998.81   6677.79
8310.39   6163.79
10090.4   5649.8
11860   5184.75
14139.6   4695.23
16818.2   4237.19
22677.7   3568.43
30704.6   3130.94
+KVIDZALine
ID:Z=7 A=14
7	14
13
115.012   18563.1
430.593   17252.1
881.439   16021.3
1862.11   14094.9
2950.12   12676.9
4059.42   11472.8
5353.57   10402.6
7013.1   9332.39
9168.32   8181.9
11644.6   7111.67
15572.1   5880.91
19169.8   5051.48
24806.2   4436.1
+KVIDZALine
ID:Z=8 A=16
8	16
11
154.318   22598.7
482.465   21177.4
979.12   19451.5
1857.13   17556.5
3036.69   15864.4
4287.2   14375.5
5546.57   13258.7
7675.09   11634.4
10273.7   10179.2
12738.6   9002.53
17014.5   7236.13
+KVIDZALine
ID:Z=9 A=18
9	18
10
86.1574   28128.3
580.766   25326.5
1585.94   22159.1
3165.49   19174.5
4824.82   16920.9
6579.89   15215.4
8717.87   13327.2
11478.1   11682.6
14732.9   9977.09
17253.9   8880.71
!
